7.878839999999999577e+01 8.834520000000000550e+01 0.000000000000000000e+00
7.876534061977145029e+01 8.833442449228842008e+01 -4.891153779941573854e-01
7.866620922813889649e+01 8.830779828355917971e+01 -7.692863068878311728e-01
7.856708073584354679e+01 8.828083757551529231e+01 -1.049657104313184819e+00
7.846788367800121478e+01 8.825385819791837605e+01 -1.330223991819920126e+00
7.836862059219237153e+01 8.822686084432238829e+01 -1.610979447742630466e+00
7.826929399244693286e+01 8.819984619950935212e+01 -1.891916257563443393e+00
7.816990631920975829e+01 8.817281492755371630e+01 -2.173027485434726902e+00
7.807045992939517021e+01 8.814576766953634035e+01 -2.454306459725030809e+00
7.797095709509670769e+01 8.811870504333906240e+01 -2.735746761888745660e+00
7.787140000487517000e+01 8.809162764405640189e+01 -3.017342216579757874e+00
7.882479583929614364e+01 8.834593537064449720e+01 -7.267909850867055876e-01
7.888894528573764831e+01 8.835857277953381583e+01 -9.631809451712333159e-01
7.895571947341790064e+01 8.837183891191600082e+01 -1.198959574728949429e+00
7.902621630586824608e+01 8.838599855503089486e+01 -1.433705523709518426e+00
7.910081675914788946e+01 8.840114441111886379e+01 -1.667197037215681021e+00
7.917863999335510528e+01 8.841706477239586093e+01 -1.899705011598194160e+00
7.926006390362017839e+01 8.843385149356674901e+01 -2.131018498419599005e+00
7.934529826254336626e+01 8.845155605065092175e+01 -2.360975567851896439e+00
7.943379849927890746e+01 8.847004754014524508e+01 -2.589745282258103742e+00
7.784473542006207936e+01 8.807956797045071085e+01 -3.581356231389282829e+00
7.782406734950006921e+01 8.806894863580376409e+01 -4.147778722592494915e+00
7.780309484248799379e+01 8.805825364771331465e+01 -4.714335967031678898e+00
7.778183723920217574e+01 8.804748780924835216e+01 -5.281019711817795503e+00
7.776030305150203503e+01 8.803665328164899506e+01 -5.847821512680157596e+00
7.773849648267531620e+01 8.802575117294979634e+01 -6.414733055077276092e+00
7.771641959934363797e+01 8.801478206727371401e+01 -6.981746253016459569e+00
7.769407326197402597e+01 8.800374625166615772e+01 -7.548853284480130377e+00
7.766987126058046442e+01 8.799780140993324551e+01 -8.116038820439721135e+00
7.947297779807415452e+01 8.847470100632517642e+01 -3.016403869847423369e+00
7.773065707382860978e+01 8.802373285801220959e+01 -8.368757056726725096e+00
7.779093871500941759e+01 8.804947690391703929e+01 -8.621495643491536853e+00
7.785071467112787502e+01 8.807503297075750481e+01 -8.874253532652447873e+00
7.790998307294354674e+01 8.810040035162218430e+01 -9.127029873729954446e+00
7.796874208766161019e+01 8.812557835425759833e+01 -9.379823899726289937e+00
7.802698996504150841e+01 8.815056631801306253e+01 -9.632634910435751152e+00
7.808472504693821747e+01 8.817536361730977035e+01 -9.885462266143289156e+00
7.814194576904107237e+01 8.819996966223591528e+01 -1.013830538364085676e+01
7.819865066029261413e+01 8.822438389828855065e+01 -1.039116373302156049e+01
7.748577730713120104e+01 8.794578815941096650e+01 -8.653439383799833351e+00
7.729134549907571738e+01 8.789520005729973207e+01 -9.187327929553463335e+00
7.708778465536100555e+01 8.784225857745755661e+01 -9.717570854393684954e+00
7.687673609252770746e+01 8.778738693008226335e+01 -1.024469937631720917e+01
7.665238368294230042e+01 8.772946847658866432e+01 -1.076710015076672988e+01
7.642007493907023274e+01 8.766983204410499297e+01 -1.128589005138459811e+01
7.618153967002247384e+01 8.760869196893604283e+01 -1.180173808360405907e+01
7.817779327947955892e+01 8.822132209324946928e+01 -1.075068941505140607e+01
7.815674964654570545e+01 8.821819150290180289e+01 -1.111025665084677350e+01
7.813552085921381263e+01 8.821499250950002136e+01 -1.146986342547923066e+01
7.811410810311274133e+01 8.821172552910356046e+01 -1.182950780687864523e+01
7.810289389199601828e+01 8.821026099044749458e+01 -1.219075193184397499e+01
7.809161893596724724e+01 8.820826320097610562e+01 -1.255200523585134320e+01
7.808663928464966375e+01 8.820847279271082186e+01 -1.291343863916608647e+01
7.808748163795769415e+01 8.821072319543692686e+01 -1.327492533811052944e+01
7.809360498905118675e+01 8.821482424578452708e+01 -1.363636386172195714e+01
7.845348952868663162e+01 8.832511376303524742e+01 -1.084007945468897560e+01
7.872905397353551393e+01 8.842483334098535863e+01 -1.128718991398345217e+01
7.900713304541905302e+01 8.852468887671226128e+01 -1.172964691431681672e+01
7.927344514431970879e+01 8.866710170592787676e+01 -1.216631505572463290e+01
7.791351965642250832e+01 8.815544290372925218e+01 -1.432706417870975280e+01
7.773342175565096568e+01 8.809605759831480043e+01 -1.501784613848546002e+01
7.754642872720862101e+01 8.803425515880911689e+01 -1.570853596864850665e+01
7.735682528672234071e+01 8.798183116781235924e+01 -1.639835268885431674e+01
7.716567598121302751e+01 8.793445292403457358e+01 -1.708813118872298276e+01
7.697450958123246778e+01 8.788706961663663719e+01 -1.777794231023297300e+01
7.678331913804035480e+01 8.783967870974124992e+01 -1.846778252122954100e+01
7.659209981735791928e+01 8.779227842799612347e+01 -1.915764897308453385e+01
7.640084810229610923e+01 8.774486747043012258e+01 -1.984753926220725262e+01
7.824974870507949731e+01 8.827216648114067254e+01 -1.412008021671118208e+01
7.841444061760688555e+01 8.833248597522157297e+01 -1.460032953001365286e+01
7.858397090142740637e+01 8.839496423370538025e+01 -1.507800714016028643e+01
7.875376159837301770e+01 8.848022854791348379e+01 -1.555229885022544423e+01
7.893334940981999637e+01 8.855774952609813511e+01 -1.602382138229663511e+01
7.911570248322553311e+01 8.864844979718500895e+01 -1.649180579466879593e+01
7.930346985385561709e+01 8.874136303385519398e+01 -1.695698699565388168e+01
7.950014477767145138e+01 8.883794628009302130e+01 -1.741857413425069367e+01
7.970471120236265961e+01 8.893493633516449393e+01 -1.787762848650951497e+01
7.974418324951923864e+01 8.895458220743515199e+01 -1.812356350108398573e+01
7.978364335107283978e+01 8.897422363432767156e+01 -1.836950933158397703e+01
7.982309110111509654e+01 8.899386045086158958e+01 -1.861546555409813308e+01
7.986252574153618866e+01 8.901349235683808558e+01 -1.886143182768748616e+01
7.990194647585036591e+01 8.903311903762678980e+01 -1.910740783760523342e+01
7.993772328947605388e+01 8.905528822628889429e+01 -1.935308440051874612e+01
7.997314792901590863e+01 8.907816705692151515e+01 -1.959871027459288584e+01
8.000854026768290339e+01 8.910102971184947762e+01 -1.984429510805217589e+01
8.003951937102154091e+01 8.912193819876307543e+01 -2.009426289814319233e+01
7.993834754437376944e+01 8.903016940801477119e+01 -1.813709098576614309e+01
8.016785164917573070e+01 8.913844649867530734e+01 -1.839285965606098117e+01
8.039819932732305574e+01 8.925276508151443977e+01 -1.864510963209246697e+01
8.063255735900760612e+01 8.936883996655141971e+01 -1.889261663408034053e+01
8.087061065089704925e+01 8.948652889227732032e+01 -1.913558666114210638e+01
8.111709310711539445e+01 8.960244529682526604e+01 -1.937430587828346518e+01
8.136748195666625350e+01 8.971815383177387559e+01 -1.960889477113413193e+01
8.161696860137958254e+01 8.983768438452703720e+01 -1.983905931351969798e+01
8.186240467201882609e+01 8.996717551838820270e+01 -2.006954614548411087e+01
7.640014179657413251e+01 8.775522693921431028e+01 -2.022051313964364283e+01
7.639981894793957906e+01 8.776571455381250075e+01 -2.059326724963073119e+01
7.639988402025126391e+01 8.777633188187638780e+01 -2.096580170251335673e+01
7.640034136518028163e+01 8.778708045273177163e+01 -2.133811664359403082e+01
7.640119523299537718e+01 8.779796176110927775e+01 -2.171021225139702437e+01
7.640244977526657522e+01 8.780897726805081049e+01 -2.208208873622169222e+01
7.640410904667884040e+01 8.782012840150626687e+01 -2.245374633877324300e+01
7.640776456602553424e+01 8.783052069131227313e+01 -2.282560184336132281e+01
7.641223333982635779e+01 8.783918754083833846e+01 -2.319715661608472601e+01
7.627266441735744706e+01 8.771427193945523015e+01 -2.006094274098310137e+01
7.613963980977337087e+01 8.768582558727906928e+01 -2.027146687793639757e+01
7.600377545723543449e+01 8.765664199956621871e+01 -2.047996356644785365e+01
7.586417878050590957e+01 8.762648767297422125e+01 -2.068570633853720153e+01
7.572185391928069009e+01 8.759562238034057202e+01 -2.088936618498313891e+01
7.557622052612184405e+01 8.756389328304565822e+01 -2.109041974772911487e+01
7.542796603066663863e+01 8.753147854020639329e+01 -2.128934242869716797e+01
7.527668387180193577e+01 8.749827029840761838e+01 -2.148572832042340863e+01
7.511567302766430032e+01 8.746262230984615371e+01 -2.167948090524333082e+01
8.254765532776956150e+01 9.031856971085791486e+01 -2.036845312691473353e+01
8.322687582553426466e+01 9.067005038754645341e+01 -2.066580321942672782e+01
8.389452945826698738e+01 9.104979327883282281e+01 -2.096221768753650849e+01
8.456069415148586188e+01 9.143053540340079621e+01 -2.125749277638828616e+01
8.520641600885269895e+01 9.183904262894910175e+01 -2.155098901122756416e+01
8.584755893880439714e+01 9.225282771628988598e+01 -2.184284582215962800e+01
8.647179373430806493e+01 9.268436171319292782e+01 -2.213204813910579460e+01
8.707912202916607214e+01 9.313402499140416069e+01 -2.241905808407433298e+01
8.767731968864836745e+01 9.359055769413714643e+01 -2.270388606104934226e+01
8.220234479718132548e+01 9.015227413974986348e+01 -2.063021971116191011e+01
8.253266697562503396e+01 9.033012586824749235e+01 -2.119752329491950604e+01
8.285677360800539759e+01 9.050494529301809621e+01 -2.176783982059074418e+01
8.316451243076464550e+01 9.068540549197058454e+01 -2.234225171270294652e+01
8.345984102365339652e+01 9.086781702592034549e+01 -2.292210258651685351e+01
8.374825504691123967e+01 9.104674719952831197e+01 -2.350621798132305429e+01
8.402004526493344372e+01 9.123511976868744000e+01 -2.409296957860441424e+01
8.426852273767262602e+01 9.144145233036680054e+01 -2.468289743225789934e+01
8.450114348388689223e+01 9.165656350510302275e+01 -2.527542848216919324e+01
7.997456820345165340e+01 8.910373687264973341e+01 -2.057098156956575963e+01
7.991014385789493701e+01 8.908577061253542695e+01 -2.104724694208439217e+01
7.984625067367180407e+01 8.906804149475415500e+01 -2.152306075318922041e+01
7.978289305178603286e+01 8.905055162512337574e+01 -2.199842476383595979e+01
7.972007532928859064e+01 8.903330307963706503e+01 -2.247334073972563573e+01
7.965780176509278476e+01 8.901629789775320489e+01 -2.294781044854616781e+01
7.959658535928974743e+01 8.899927410102988290e+01 -2.342196614399856358e+01
7.953484563473317337e+01 8.898420368183407447e+01 -2.389525104053941007e+01
7.947036949122386318e+01 8.899917537470231821e+01 -2.436773659602359032e+01
7.476263788539471022e+01 8.737866432772784719e+01 -2.190327107024947395e+01
7.441484885470772781e+01 8.729661563689886350e+01 -2.212675332282329066e+01
7.406186622180024415e+01 8.724055044014039595e+01 -2.234914545150653709e+01
7.370911492398496989e+01 8.718452910964141722e+01 -2.257179646015358543e+01
7.335376122993581305e+01 8.712806150090368362e+01 -2.279421622167003392e+01
7.299897257193698863e+01 8.707168007918127728e+01 -2.301607779582688096e+01
7.264476206724575036e+01 8.701423778389656150e+01 -2.323734645013815481e+01
7.228897299931705334e+01 8.697989517037544260e+01 -2.345769623596683573e+01
7.193313593709063980e+01 8.694657360775818233e+01 -2.367822848704173566e+01
7.491634880084710346e+01 8.742275243152626274e+01 -2.213312181364638320e+01
7.472516191034451083e+01 8.738493236770453620e+01 -2.258942410012041080e+01
7.454176614577424687e+01 8.734882872136081744e+01 -2.304812071583477362e+01
7.436676522338466100e+01 8.731460582337048493e+01 -2.350925426220684855e+01
7.419625214029339588e+01 8.730031710464967887e+01 -2.397173935199507611e+01
7.402924271698599057e+01 8.731045761532050165e+01 -2.443516453751519180e+01
7.387051252382116218e+01 8.732217092598773434e+01 -2.490058646245111973e+01
7.372005379704050654e+01 8.733544481992393571e+01 -2.536787401929091246e+01
7.357680759439638507e+01 8.735006258760242304e+01 -2.583658482105002108e+01
7.658989648561986030e+01 8.790743255698006919e+01 -2.377114840707568177e+01
7.675815872121715699e+01 8.800625269522535632e+01 -2.434159191699550107e+01
7.692759405881520252e+01 8.811029635621258649e+01 -2.491109355592496755e+01
7.709741146405998791e+01 8.821443120102358648e+01 -2.548023298361546907e+01
7.726858326861915316e+01 8.831799999785728517e+01 -2.604926480038578518e+01
7.743031158707572104e+01 8.841684976763484372e+01 -2.662163652340344200e+01
7.757535797843486591e+01 8.851323796643539765e+01 -2.719626157800338007e+01
7.770473347647315165e+01 8.861598021523855095e+01 -2.778400951222403847e+01
7.782747545216767548e+01 8.871624092256797667e+01 -2.837279479325508547e+01
7.627838731854093623e+01 8.780555480163441473e+01 -2.367834590824691787e+01
7.612993983635445261e+01 8.778816912544854745e+01 -2.415483409686349958e+01
7.597431006429398792e+01 8.778229865401478094e+01 -2.462865022742271748e+01
7.581021957332598049e+01 8.778216045078093543e+01 -2.509899823899428739e+01
7.563906223184812916e+01 8.778003564379854140e+01 -2.556586056904420445e+01
7.546221897083609065e+01 8.777611552283725871e+01 -2.602966433617409692e+01
7.527926773019378004e+01 8.777026004910609913e+01 -2.649008369259333051e+01
7.509826550215652219e+01 8.776512755362944063e+01 -2.695338933856939789e+01
7.492567780785283560e+01 8.776231060264663597e+01 -2.741965239511356600e+01
7.821182144719260521e+01 8.892677806047007039e+01 -2.908097208236801023e+01
7.859580546068841045e+01 8.913439087417634710e+01 -2.978692849691035249e+01
7.897415824896144443e+01 8.934414849604478093e+01 -3.048983795059258028e+01
7.934504111136682525e+01 8.957355521040076951e+01 -3.118884946088347121e+01
7.970111143719719848e+01 8.983266425015504808e+01 -3.188004726844435055e+01
8.004257871007463621e+01 9.012421835018066929e+01 -3.256546410125681490e+01
8.037436119989496319e+01 9.042824246784830677e+01 -3.324675162209193502e+01
8.070227551442356173e+01 9.073835560567945890e+01 -3.392491933695028905e+01
8.102847354943924074e+01 9.104964185452297443e+01 -3.460143433649273703e+01
7.778603910938217325e+01 8.874332276337871406e+01 -2.885567425723447244e+01
7.774531860887779544e+01 8.877057903023316499e+01 -2.933739725669829568e+01
7.769781571138669563e+01 8.879505515271755201e+01 -2.981746330001745804e+01
7.764705572771798359e+01 8.881794547093974757e+01 -3.029614798391778052e+01
7.758960520803411498e+01 8.883767421967391442e+01 -3.077293231672354423e+01
7.752707265376602663e+01 8.885530580416923385e+01 -3.124783348612555756e+01
7.745176015328729591e+01 8.888617532574635050e+01 -3.171772296160050075e+01
7.735994083084369777e+01 8.894237161944795389e+01 -3.218177494512902115e+01
7.726040579077361770e+01 8.899520935328193616e+01 -3.264366803822325380e+01
8.812474812172310124e+01 9.396474099960650506e+01 -2.273861558693981877e+01
8.857081137045079799e+01 9.433961732576955228e+01 -2.277222761744522472e+01
8.900909956742394513e+01 9.471891323546824992e+01 -2.280389421786680160e+01
8.941948761345511798e+01 9.512770518752830640e+01 -2.283181166267280204e+01
8.982177120578698748e+01 9.553124451050422294e+01 -2.285748007403621429e+01
9.022082828305829594e+01 9.593406922396592051e+01 -2.288160650467559520e+01
9.058433026765757745e+01 9.636989907197984451e+01 -2.290065277223505191e+01
9.094021125589370058e+01 9.679647888470442751e+01 -2.291752760289394075e+01
9.129648642031672523e+01 9.722341592588985293e+01 -2.293364822005459303e+01
8.811136421615374559e+01 9.398701133488668802e+01 -2.316281748706181531e+01
8.853726544314405089e+01 9.437920232934159515e+01 -2.362951756076668275e+01
8.892560453313748781e+01 9.479929232243540582e+01 -2.409955076415598541e+01
8.927967341938018819e+01 9.524395358829218594e+01 -2.457348454908548163e+01
8.961500962187879793e+01 9.567189024340243009e+01 -2.505362965885341708e+01
8.991391280986802315e+01 9.611845384189332719e+01 -2.553726888674156825e+01
9.019441607031259878e+01 9.657028001923168858e+01 -2.602675848294071415e+01
9.045400086499893177e+01 9.700714163333533691e+01 -2.652155760974530807e+01
9.068353501467848332e+01 9.745059532179816131e+01 -2.702016992666833417e+01
7.134751248136956292e+01 8.688837506656911103e+01 -2.383019270826993719e+01
7.076112026602437766e+01 8.684578432490928890e+01 -2.398066116049955809e+01
7.017300691321655393e+01 8.683021231504228865e+01 -2.412903632942101595e+01
6.958824217950201785e+01 8.681480230106451756e+01 -2.427741597753503555e+01
6.900396709644132898e+01 8.680802868574679110e+01 -2.442523695912073478e+01
6.841922269124694367e+01 8.681893049361369208e+01 -2.457148095272376764e+01
6.783731741281719962e+01 8.682983572451759358e+01 -2.471763201731488735e+01
6.725723751767127112e+01 8.684952732947023435e+01 -2.486315280199092470e+01
6.667637179881673148e+01 8.688380915879776012e+01 -2.500712085531269224e+01
7.173606682604111029e+01 8.693371182967918287e+01 -2.390268685275026428e+01
7.153836709670738969e+01 8.693194718315706382e+01 -2.412675899440907301e+01
7.134490850558147201e+01 8.693093205030487525e+01 -2.435455197419173246e+01
7.115423417752930391e+01 8.693040929203844769e+01 -2.458479155986324471e+01
7.096787264667308648e+01 8.693062813219812313e+01 -2.481856825348217654e+01
7.078731223456314581e+01 8.693778824141797656e+01 -2.505466655647818897e+01
7.060980349060513106e+01 8.695135179299207095e+01 -2.529229855385022674e+01
7.043606479386880892e+01 8.696407784837147403e+01 -2.553238994597497680e+01
7.026619037914394994e+01 8.697679249274445112e+01 -2.577459820676321556e+01
7.323486379537608570e+01 8.733496023926491603e+01 -2.635393960442015171e+01
7.289263871612944001e+01 8.731979551565341069e+01 -2.687111898528970499e+01
7.489624555537197637e+01 8.780903588279450389e+01 -2.805591864553616688e+01
7.486866490466822199e+01 8.785586996185912767e+01 -2.869092623672532483e+01
7.484204844663456413e+01 8.790233383025359615e+01 -2.932445029929100144e+01
7.481631241013913325e+01 8.794888054972459202e+01 -2.995643497343963446e+01
7.479146485048244131e+01 8.799551242318855770e+01 -3.058688469322458303e+01
7.475537134236012093e+01 8.803928395877498758e+01 -3.121539641956436029e+01
7.470156868373385350e+01 8.810759444805266583e+01 -3.183617437745148138e+01
7.462825346626067358e+01 8.820397673569684116e+01 -3.245050958477570902e+01
7.454200557884342970e+01 8.829680496681446300e+01 -3.306241584293832148e+01
7.457985830078108336e+01 8.771859960672098566e+01 -2.790495463829417488e+01
7.422639878294371840e+01 8.767229766120641443e+01 -2.838180974450025573e+01
7.387025383583512905e+01 8.764863126349078470e+01 -2.884824145051533506e+01
7.350715986794902790e+01 8.762580554634118357e+01 -2.930907508243418036e+01
7.313185074600720270e+01 8.760034881430757991e+01 -2.976285425802066342e+01
7.275013270001912247e+01 8.757300063903922194e+01 -3.020875837592899060e+01
7.236538580154842748e+01 8.755510916433949831e+01 -3.064710092260336438e+01
7.197189682097048546e+01 8.755186769617482412e+01 -3.107749207883846410e+01
7.157409199145102718e+01 8.754761967521763211e+01 -3.150080648250032311e+01
8.454027009044605734e+01 9.173219747035028604e+01 -2.571266060003075893e+01
8.457905586012938670e+01 9.180755754948968672e+01 -2.614937787908620948e+01
8.461749875156841938e+01 9.188264214509986516e+01 -2.658557760340113418e+01
8.465559659635317757e+01 9.195744960440165983e+01 -2.702125726497154545e+01
8.482587807651182743e+01 9.190967190286703214e+01 -2.569887643158936186e+01
8.515584809783130993e+01 9.216602475000284755e+01 -2.611600334283863134e+01
8.548409148286441450e+01 9.242831171293241255e+01 -2.652585621553396678e+01
8.580511266665814674e+01 9.271105298075200096e+01 -2.692704627151388408e+01
8.613086507515167511e+01 9.299622266113000535e+01 -2.732106912717303615e+01
8.645796280249771826e+01 9.329323989000835127e+01 -2.771576172705264085e+01
8.677165647168172313e+01 9.359476127252428057e+01 -2.810232266233424880e+01
7.924099912018509428e+01 8.895537480173281608e+01 -2.492030272977562433e+01
7.901070808716764304e+01 8.891589009263830690e+01 -2.547191738780014347e+01
7.878077700493732038e+01 8.887612322188513758e+01 -2.602267619359368211e+01
7.855882640910211023e+01 8.883943965815620913e+01 -2.657588743570747170e+01
7.959361820989542480e+01 8.912557847940338718e+01 -2.514185566050029763e+01
7.972687138600585399e+01 8.925611138919325072e+01 -2.591247979660964162e+01
7.987003489296151315e+01 8.939071772972408780e+01 -2.667945233340378763e+01
8.002301317880576903e+01 8.952934084213283938e+01 -2.744262038564858486e+01
8.019184213194867539e+01 8.967557805823416572e+01 -2.821454511598479797e+01
8.037370409448058695e+01 8.982697812616622457e+01 -2.897973052463958865e+01
8.056385820396198483e+01 8.998384238171122718e+01 -2.973739066767876693e+01
8.076320683824037872e+01 9.015705874883323645e+01 -3.048690518426297302e+01
6.964738955907399998e+01 8.699004223076060782e+01 -2.627393075683816193e+01
6.903405344305140545e+01 8.701417332319647358e+01 -2.677229277656185502e+01
6.841857758792843924e+01 8.706513443002955910e+01 -2.726765138376114805e+01
6.780176991200423231e+01 8.710798756198754234e+01 -2.776526214346088040e+01
6.720432716502342885e+01 8.717162662669241513e+01 -2.826941240170447855e+01
6.661676893876817473e+01 8.725013630524577479e+01 -2.878164097832394219e+01
6.603465835838453302e+01 8.732130681008847262e+01 -2.930158885120555823e+01
6.546570171777931080e+01 8.741610079495802665e+01 -2.982474200031532163e+01
6.490665925652048429e+01 8.751613018477745243e+01 -3.035245351557352222e+01
7.000748546506663672e+01 8.703757206608997876e+01 -2.662313146775850115e+01
6.976488598842578881e+01 8.709949324379012126e+01 -2.747588432112450008e+01
6.953623963466917246e+01 8.716251415799423796e+01 -2.833357490047513849e+01
6.932435855211396358e+01 8.722648579467123398e+01 -2.919290552327810673e+01
6.913352311841764219e+01 8.730085140898538043e+01 -3.005268892142844450e+01
6.895667589341174164e+01 8.737905590788753329e+01 -3.091370584019472290e+01
6.876160173577108026e+01 8.747838272035387774e+01 -3.176488001975278763e+01
6.855044507974406542e+01 8.763872018090309268e+01 -3.260163292138732771e+01
6.833137399904012454e+01 8.779824816794941000e+01 -3.343346473136647035e+01
8.106582702607441604e+01 9.111888537203334693e+01 -3.482908610949461092e+01
8.110342165167820383e+01 9.118815077794401702e+01 -3.505626123263531468e+01
8.114249435440190439e+01 9.126285024389730438e+01 -3.530477845032420703e+01
8.118132194721269457e+01 9.133717301356493579e+01 -3.555215743615573132e+01
8.121989829391687010e+01 9.141111655651094736e+01 -3.579840128398956267e+01
8.125256234641055642e+01 9.148168862593475126e+01 -3.604324206506222339e+01
8.128433665183031565e+01 9.155423513390033463e+01 -3.628654512320736103e+01
8.131634269594991338e+01 9.162670804837594574e+01 -3.652893354253666303e+01
8.134857016118201045e+01 9.169910199438632503e+01 -3.677040944346924078e+01
8.143364217333834176e+01 9.135603882987483360e+01 -3.502449997745146248e+01
8.183716091617534971e+01 9.167994573107323220e+01 -3.544884683560889016e+01
8.224526280896621699e+01 9.201195778304729345e+01 -3.586253759744824521e+01
8.264955815025878394e+01 9.234745307480187648e+01 -3.626395984853323284e+01
8.304896214772134044e+01 9.270003013120235380e+01 -3.665198142412498328e+01
8.344779229054340419e+01 9.306023427283203375e+01 -3.702816573852730642e+01
8.383974983764640854e+01 9.342780454445853877e+01 -3.739376624783073311e+01
8.421302692828713532e+01 9.381246424738363032e+01 -3.774688524808695433e+01
8.458741260750748836e+01 9.419822817325096764e+01 -3.809364078904564366e+01
9.071451484145966049e+01 9.755387365809571065e+01 -2.722379898246062169e+01
9.074539752477265608e+01 9.765709954433171447e+01 -2.742771494488442130e+01
9.077617861948195355e+01 9.776025950015717569e+01 -2.763189316039983368e+01
9.091987644865106688e+01 9.785949457836905196e+01 -2.728131143746059806e+01
6.612127787607903429e+01 8.689915693228641658e+01 -2.497597221750258356e+01
6.556811295614511437e+01 8.691840492740912794e+01 -2.494466747822426456e+01
6.501516512291105698e+01 8.695743642768087511e+01 -2.491151862734277600e+01
6.446527480854861381e+01 8.699450709440823459e+01 -2.487806535411431597e+01
6.391514371087753688e+01 8.703164666452410358e+01 -2.484511465990953383e+01
6.336924918527955697e+01 8.709362975648410554e+01 -2.480994202818379080e+01
6.282889762076648310e+01 8.715890933601492918e+01 -2.477361412458052214e+01
6.228836711045121177e+01 8.722428519881572129e+01 -2.473797829425454964e+01
6.175293217117491196e+01 8.730701064446864734e+01 -2.470101243333051144e+01
6.636311432603638139e+01 8.691239405028001386e+01 -2.519508854333848547e+01
6.605372442852606696e+01 8.694144057874471798e+01 -2.538913902658908484e+01
6.574710976388215045e+01 8.697085259957361814e+01 -2.558790753015384212e+01
6.544860411043900683e+01 8.701331042250257042e+01 -2.579111501695112096e+01
6.515260690263448851e+01 8.705796584918158487e+01 -2.599806193595859938e+01
6.486047091728489988e+01 8.710104987108087471e+01 -2.620997596397906904e+01
6.457025164539690820e+01 8.714442071921440913e+01 -2.642609209895844913e+01
6.428360441711213014e+01 8.718803786775654885e+01 -2.664720892635666871e+01
6.400600193205053756e+01 8.723197487481637324e+01 -2.687208063461510221e+01
7.429490076049113156e+01 8.833192795006291931e+01 -3.357134608422479971e+01
7.405277651421526741e+01 8.837153779248906460e+01 -3.407858193409159497e+01
7.380933793920375763e+01 8.842008558815432195e+01 -3.458318383452930078e+01
7.356648826017350018e+01 8.846848038927346636e+01 -3.508637373969565232e+01
7.332000813863510302e+01 8.851958686082157612e+01 -3.560556471563321423e+01
7.307364030431273250e+01 8.857247042757595068e+01 -3.612190193862093679e+01
7.282772320334970573e+01 8.862500857951017963e+01 -3.663593147718130894e+01
7.258743834487660251e+01 8.868315469010556740e+01 -3.714637662514975602e+01
7.234493123711250462e+01 8.874886249818241879e+01 -3.765354352321656251e+01
7.461223813104705016e+01 8.840883360036058036e+01 -3.357541539247439033e+01
7.469178084761222181e+01 8.852248898851284764e+01 -3.408514111007739444e+01
7.478790958704836100e+01 8.863945840431556178e+01 -3.459127661421257471e+01
7.489181637194315044e+01 8.875783450301686628e+01 -3.509493379026356052e+01
7.500252834738651586e+01 8.888357128329515433e+01 -3.561383869849022688e+01
7.512017989918197713e+01 8.901094964130903975e+01 -3.612786123303606445e+01
7.524522652942467005e+01 8.913929395635562969e+01 -3.663695618251358610e+01
7.537630292499298434e+01 8.926831320269532455e+01 -3.714143730812271826e+01
7.551377168671710649e+01 8.939805562806989769e+01 -3.764106767364187789e+01
7.698610210284805078e+01 8.899947897584439716e+01 -3.314043124889450098e+01
7.671289797867552807e+01 8.900707287600847906e+01 -3.363561039952899989e+01
7.644034353677380977e+01 8.901598376993176487e+01 -3.412916878914349894e+01
7.616276308062980149e+01 8.902313907922132330e+01 -3.462173683114757239e+01
7.727777387330445436e+01 8.906337518840346945e+01 -3.295717963194346112e+01
7.729474239983827033e+01 8.913123443255211953e+01 -3.326990377334022497e+01
7.731662222833378451e+01 8.920065151152087424e+01 -3.358104832059959932e+01
7.734129232108540464e+01 8.927087320926483471e+01 -3.389088580815844409e+01
7.737080889820035168e+01 8.934259887527566946e+01 -3.419899492405049557e+01
7.740395925392178356e+01 8.941539725041968723e+01 -3.450552839888241863e+01
7.744188217593305978e+01 8.948964038959189793e+01 -3.481017516867449757e+01
7.748373749918323483e+01 8.956502937613778670e+01 -3.511304033538488767e+01
7.753071641482945608e+01 8.964636013407618975e+01 -3.543624114616078202e+01
7.135660216716216553e+01 8.754278298635770739e+01 -3.161762335706998428e+01
7.113869841303657893e+01 8.754248191419489444e+01 -3.173390381320263742e+01
7.092144892981616522e+01 8.754278938948061750e+01 -3.185009553684793815e+01
7.070374648475707602e+01 8.755547328106315774e+01 -3.196408716609495215e+01
7.048631049292916373e+01 8.756847482972908381e+01 -3.207744641204540414e+01
7.026917395656926146e+01 8.758138097497042907e+01 -3.219022696918418802e+01
7.005157776636455935e+01 8.759428967672333499e+01 -3.230311123811801366e+01
6.983592422536928268e+01 8.760788056967278692e+01 -3.241933586986591109e+01
6.962246935118486135e+01 8.762222976606119573e+01 -3.253926587885595012e+01
7.117932483001214905e+01 8.764073106817957637e+01 -3.225308003593622885e+01
7.079954095332179520e+01 8.775114469334340583e+01 -3.300819399174584845e+01
7.043422896594580607e+01 8.787624122063145649e+01 -3.376576909119988557e+01
7.008477399395023610e+01 8.800349604316626539e+01 -3.452789838812566359e+01
6.974592042684636795e+01 8.813259964958085391e+01 -3.529803801746658110e+01
6.943133683249931210e+01 8.827581776084618070e+01 -3.606704177889597673e+01
6.912886461830471774e+01 8.842532818892135538e+01 -3.683665832546971330e+01
6.881158923774603409e+01 8.857317798467612135e+01 -3.759610881814472094e+01
6.848046946869017404e+01 8.871929983461497216e+01 -3.834582407893447709e+01
9.147902439641532624e+01 9.744975355090689106e+01 -2.284997218252204121e+01
9.165484668585094141e+01 9.768204299937497126e+01 -2.276528136653849188e+01
9.182908459301852133e+01 9.791110532584477255e+01 -2.268055642037748498e+01
9.200374823030082894e+01 9.814067445596661798e+01 -2.259534318601916425e+01
9.217881740351965902e+01 9.837072262208378959e+01 -2.250964499783608375e+01
9.235427263565350131e+01 9.860122316941716747e+01 -2.242346574600631826e+01
9.253009512369520451e+01 9.883215042258690630e+01 -2.233680948922187426e+01
9.269182495149006229e+01 9.906920436334534941e+01 -2.224731921648518096e+01
9.285123836892257998e+01 9.930809594555745434e+01 -2.215730364703816235e+01
9.177693619998660779e+01 9.793978416868500858e+01 -2.322308391438737729e+01
9.223420195133083155e+01 9.863815947372438586e+01 -2.351787068570545713e+01
9.264298050508217841e+01 9.936196374427483136e+01 -2.382061093527984497e+01
9.301066988393965573e+01 1.000722731717923182e+02 -2.412542443380946722e+01
9.332898369610158795e+01 1.008049988721584640e+02 -2.443473473289678566e+01
9.361735840855938307e+01 1.015101994268499368e+02 -2.474219815258831900e+01
9.385613789595443279e+01 1.022347448963961796e+02 -2.504755545123736482e+01
9.405643872502012925e+01 1.029231454380660011e+02 -2.534245852425783951e+01
9.422078731325441936e+01 1.036211169796719958e+02 -2.563536578079152761e+01
6.451291058257507416e+01 8.756848568846923797e+01 -3.054894149317397378e+01
6.412213978634618172e+01 8.762878094467622248e+01 -3.074373338886627849e+01
6.373181159899579029e+01 8.769860485390387339e+01 -3.093735516025802568e+01
6.334465437036870128e+01 8.776799157141290664e+01 -3.113062765590890635e+01
6.295749729864373023e+01 8.783728972192227502e+01 -3.132306696016915382e+01
6.257206838587467956e+01 8.791674898260393434e+01 -3.151353461236006837e+01
6.219092038259619670e+01 8.802462508459335311e+01 -3.169804207429712406e+01
6.181700865322284955e+01 8.813444556499052851e+01 -3.188070603982716023e+01
6.144241242593347607e+01 8.824452504672008502e+01 -3.206396817652169062e+01
6.469057458741733058e+01 8.757406037159175582e+01 -3.074867538972245740e+01
6.448263252415588909e+01 8.763160607447834138e+01 -3.114791264630479972e+01
6.428343525459138164e+01 8.769415652295303687e+01 -3.154915772507984784e+01
6.409568214235760308e+01 8.780084242299109576e+01 -3.194584596333215387e+01
6.391412774633580085e+01 8.790716935586223713e+01 -3.234455646632821413e+01
6.373928292986798994e+01 8.801308601260258513e+01 -3.274535206315005098e+01
6.357389416677330729e+01 8.811824776792597902e+01 -3.314824179169173135e+01
6.341475497047356669e+01 8.822317946734982286e+01 -3.355380058278244348e+01
6.326083599906054644e+01 8.832791835182362661e+01 -3.396158571561354478e+01
9.312127370529498194e+01 9.975010938527165649e+01 -2.215032736784009870e+01
9.339190010792628982e+01 1.001929212767363992e+02 -2.214262584205162554e+01
9.365498301985135754e+01 1.006387378369227150e+02 -2.213273396824006767e+01
9.389317151638091730e+01 1.010844236333806236e+02 -2.211617548129473221e+01
9.412542947783482816e+01 1.015341211964338868e+02 -2.209743878999172395e+01
9.435830969428157289e+01 1.019847729254078388e+02 -2.207787863472821854e+01
9.457961840938233422e+01 1.024382822609620405e+02 -2.204452532554160626e+01
9.476976718609832062e+01 1.028823055189099591e+02 -2.199078961679042266e+01
9.495848345086095321e+01 1.033253598262407706e+02 -2.192535023983733566e+01
9.303483968703460505e+01 9.955856452397543421e+01 -2.194230205736615602e+01
9.321658482515537969e+01 9.980442951925178363e+01 -2.172077460642283597e+01
9.339755468317711973e+01 1.000478851455787321e+02 -2.149447796122487730e+01
9.357708680479515806e+01 1.002875383896126209e+02 -2.126213292645856967e+01
9.375576655179057184e+01 1.005246999838704340e+02 -2.102520511716728180e+01
9.392502347001880025e+01 1.007586422902920873e+02 -2.078121592420130526e+01
7.551079258687182971e+01 8.944623887523887618e+01 -3.789994946962637812e+01
7.550729820074859333e+01 8.949408923383785464e+01 -3.815776997395985859e+01
7.550328558826153369e+01 8.954160653202850995e+01 -3.841453226803535870e+01
7.549875180788359330e+01 8.958879061582632630e+01 -3.867023952962972544e+01
7.549023451480093172e+01 8.964912288634270965e+01 -3.892120401598707247e+01
7.547615720669728034e+01 8.972725264624301644e+01 -3.916647131413996163e+01
7.546185835770701544e+01 8.980612642734323003e+01 -3.941050857071471114e+01
7.544764431504162872e+01 8.988469882090808483e+01 -3.965358699155520128e+01
7.543351344433432359e+01 8.996296817934255330e+01 -3.989570316644844183e+01
7.576837955387291856e+01 8.954855247866322543e+01 -3.802680321559627430e+01
7.602906236674111540e+01 8.970683602388480438e+01 -3.840424103343524109e+01
7.629367746532918204e+01 8.986529512226441341e+01 -3.877595620237298135e+01
7.655119083313698525e+01 9.006360012138266313e+01 -3.912818029549198684e+01
7.681176337226197859e+01 9.026801284007919435e+01 -3.947305240222489431e+01
7.707145488684967916e+01 9.048602210405665858e+01 -3.980770052415018512e+01
7.733592907567529551e+01 9.070563310271757018e+01 -4.013516253487406971e+01
7.760470026573680968e+01 9.092520473280899296e+01 -4.045767834320809442e+01
7.787321559319543951e+01 9.114688670989647790e+01 -4.077460207374501522e+01
6.806148141492802495e+01 8.787971123245651484e+01 -3.384598086144287521e+01
6.779765247966082597e+01 8.797028003788990702e+01 -3.425580978962036482e+01
6.753453507379755649e+01 8.806574156305801182e+01 -3.466390918860594894e+01
6.726975933978238231e+01 8.815978444888739318e+01 -3.507102725918430508e+01
6.700079708441333537e+01 8.825490062735464392e+01 -3.548896013314350029e+01
6.673172565095893560e+01 8.834958957296534265e+01 -3.590466383067099798e+01
6.646314174858200374e+01 8.845347874019454082e+01 -3.630964066257067202e+01
6.618542607593298044e+01 8.856023372107780744e+01 -3.670754760405637285e+01
6.589996809516938470e+01 8.866621321706091408e+01 -3.709782066887153462e+01
6.834897319848624875e+01 8.791011527763787115e+01 -3.403005998120870146e+01
6.837623587841500239e+01 8.802160312410303789e+01 -3.462538690323329860e+01
6.841142425190371057e+01 8.813423696492395720e+01 -3.522742637357855244e+01
6.838925610187179416e+01 8.890325266413489658e+01 -3.908357458174309329e+01
6.830152251787164630e+01 8.914934857106790389e+01 -3.980295989103449017e+01
6.821488275987887562e+01 8.939468028771840125e+01 -4.052026654421877794e+01
6.812934461020111598e+01 8.963923198034767381e+01 -4.123544866018835364e+01
6.804491715540288510e+01 8.988298843227070734e+01 -4.194846244963598281e+01
6.796069294138797545e+01 9.012725211265298242e+01 -4.266303154198060099e+01
6.788392526364771129e+01 9.037298711373632898e+01 -4.336929233313653498e+01
6.780542940586225598e+01 9.062033889376911588e+01 -4.406971372210261961e+01
6.773197960156269914e+01 9.086515191201858954e+01 -4.476417653464560686e+01
6.814597381341532412e+01 8.880860889696053562e+01 -3.870943673081076497e+01
6.780580197273680199e+01 8.893030330328197408e+01 -3.905421599301229918e+01
6.746553557360560660e+01 8.906384089154349226e+01 -3.938926799061459860e+01
6.712013759952262149e+01 8.919896322570532732e+01 -3.971510627548890682e+01
6.676983252832773985e+01 8.934142798954079012e+01 -4.003168214350950649e+01
6.641326330619168061e+01 8.948165617450548837e+01 -4.034020675632230279e+01
6.605291851423542937e+01 8.962034296595231808e+01 -4.064314918588039660e+01
6.569245006825563848e+01 8.977122351440152670e+01 -4.093316233737595411e+01
6.532664889045048540e+01 8.991919889434093704e+01 -4.121653409071554108e+01
8.131321425233414857e+01 9.174019957421708682e+01 -3.704322658817857672e+01
8.127806940517066892e+01 9.178117364225455788e+01 -3.731495867876065375e+01
8.124313603154735119e+01 9.182202454275123671e+01 -3.758560620924872353e+01
8.120841457933295260e+01 9.186275267362442776e+01 -3.785516982200888947e+01
8.117284439481331049e+01 9.190368627711951888e+01 -3.812329028576824186e+01
8.113766631944200469e+01 9.194469903512697329e+01 -3.839044460876306175e+01
8.110290761730271925e+01 9.198573884837391290e+01 -3.865664866199143290e+01
8.106181419343441519e+01 9.203829649675039093e+01 -3.891766406725367489e+01
8.101053560465103942e+01 9.210826165458611570e+01 -3.917232483767384821e+01
8.154131986628871687e+01 9.190576499559374213e+01 -3.719440513671190729e+01
8.174092497947302149e+01 9.211950587455977768e+01 -3.761199913543565998e+01
8.194623208538433801e+01 9.233502090806949525e+01 -3.802276311808722653e+01
8.215728903914146031e+01 9.255229891148698584e+01 -3.842652684057406987e+01
8.236635671905902711e+01 9.278325554648029083e+01 -3.881956289481956190e+01
8.255177434967085048e+01 9.306163985218448431e+01 -3.919150520808534566e+01
8.273956794392738345e+01 9.333886002942172411e+01 -3.955681726572079526e+01
8.293308111738745936e+01 9.361811244985601377e+01 -3.991781355131207221e+01
8.310697604965044150e+01 9.390216257777687758e+01 -4.027847892728983226e+01
9.436622191598763720e+01 1.042011062277174887e+02 -2.569440302683979027e+01
9.450368059488499739e+01 1.047443585319021651e+02 -2.574480659766428303e+01
9.461369796924290654e+01 1.052954120264088544e+02 -2.578813696271682332e+01
9.469647180221367933e+01 1.058576439047995450e+02 -2.582387012066126530e+01
9.477514198601750195e+01 1.063825923709087249e+02 -2.585236228589410601e+01
9.484171129802970768e+01 1.069092135254979468e+02 -2.587724483521474639e+01
9.486674400726575129e+01 1.074463666557760178e+02 -2.589026902212158987e+01
9.489227411664114697e+01 1.079893088529969702e+02 -2.590267556637969193e+01
9.491388468550952950e+01 1.084891466104562454e+02 -2.590757939177618852e+01
9.423213882119901541e+01 1.037786747454635048e+02 -2.575662064104582782e+01
9.424352782307778398e+01 1.039370018733319370e+02 -2.587853461849204706e+01
9.425311963130378956e+01 1.040915767198160040e+02 -2.600326647982506856e+01
9.426097716024358419e+01 1.042431688766529163e+02 -2.613138058887102488e+01
9.426752827713626459e+01 1.043928840319744893e+02 -2.626242668347706655e+01
9.427311994121053829e+01 1.045414379700947336e+02 -2.639585180289731525e+01
9.427018659545976220e+01 1.046820025586765439e+02 -2.653096872381907900e+01
9.426563492516672227e+01 1.048209348101852214e+02 -2.666946066837583729e+01
9.425992032554383115e+01 1.049586829266025347e+02 -2.681110041391853827e+01
7.199128105225132401e+01 8.877945918462569352e+01 -3.803891232804564027e+01
7.163859072245455195e+01 8.880977532640012839e+01 -3.842216257010212388e+01
7.128670623832412900e+01 8.884256528724483815e+01 -3.880278445754154149e+01
7.093041265879999457e+01 8.894184159831073089e+01 -3.916415054617423408e+01
7.057946017305148700e+01 8.904261057067390084e+01 -3.952357845925129709e+01
7.023502276691158386e+01 8.914520489409622428e+01 -3.988774549392184809e+01
6.989998902737013964e+01 8.925653327656233671e+01 -4.025303659499881093e+01
6.957573345818509836e+01 8.938064890415039088e+01 -4.061901467821238043e+01
6.925961001406108153e+01 8.950671111617803888e+01 -4.098728000740298683e+01
7.231055969926705984e+01 8.878991102439429994e+01 -3.789778032473110159e+01
7.227569156540570816e+01 8.883075200467662569e+01 -3.814119775444913074e+01
7.224505739984489594e+01 8.887200483639384174e+01 -3.838422762956640355e+01
7.221718840200813361e+01 8.891347208100395960e+01 -3.862670806336079465e+01
7.219286651529959897e+01 8.896115529605764038e+01 -3.886438591340942850e+01
7.216955766491703628e+01 8.903318394388610102e+01 -3.909535887726037373e+01
7.215016842848780243e+01 8.910544781956775751e+01 -3.932567590509731303e+01
7.213571502027124893e+01 8.917804274006917353e+01 -3.955527464988407615e+01
7.212564415536427020e+01 8.925089492439694538e+01 -3.978412222001651344e+01
8.480035993275943440e+01 9.450691052304016182e+01 -3.851967103371696055e+01
8.499612348499123016e+01 9.483686535095129955e+01 -3.893478983818295092e+01
8.515818014027303207e+01 9.518373435534016380e+01 -3.933755546273210513e+01
8.531644991639998921e+01 9.553388103497451311e+01 -3.973877194529300283e+01
8.545390716432820000e+01 9.589996852978345032e+01 -4.013047359019032712e+01
8.559056629620886270e+01 9.626627827408729843e+01 -4.052046482124708859e+01
8.571518556705530045e+01 9.662460704879057971e+01 -4.090800637263647843e+01
8.582809983658763997e+01 9.699164419438611162e+01 -4.128447672693756232e+01
8.593536864219056781e+01 9.736947386529183746e+01 -4.165114204297502454e+01
8.507150811709489346e+01 9.467798915439625773e+01 -3.827196135427301016e+01
8.554004621344223835e+01 9.515674029488783958e+01 -3.843212076777214037e+01
8.598501385470819969e+01 9.566028960079971455e+01 -3.856961079395653513e+01
8.640473680381808208e+01 9.616115651761940342e+01 -3.868603204195036938e+01
8.680705792862927694e+01 9.667898582221495474e+01 -3.878210458689452622e+01
8.717065015649973247e+01 9.719493289103269262e+01 -3.884926603979755555e+01
8.752627762928555910e+01 9.771805930185200850e+01 -3.890133998140161964e+01
8.783646794249791867e+01 9.823576466175472888e+01 -3.892321775565815756e+01
8.815073686599946257e+01 9.875378941720687465e+01 -3.893693285067243437e+01
6.142777469893567144e+01 8.735781345265850462e+01 -2.457310167370158993e+01
6.110222797760718549e+01 8.740863610354739421e+01 -2.444466747349374813e+01
6.078063359868698967e+01 8.745868036911583943e+01 -2.431633413263610777e+01
6.045915163493835109e+01 8.750875808029087466e+01 -2.418850603193218873e+01
6.013934645311785232e+01 8.756196115207545461e+01 -2.406078006511533118e+01
5.982436961478361326e+01 8.763710978471455348e+01 -2.393088027959954900e+01
5.951001342852566012e+01 8.771616721407413308e+01 -2.380250512318579936e+01
5.920488381736659278e+01 8.780075922721782433e+01 -2.367399156929947424e+01
5.889918058446894378e+01 8.788549978567159826e+01 -2.354477395131105766e+01
6.152556065105780903e+01 8.735818609120994438e+01 -2.475301899460639632e+01
6.129980270838893119e+01 8.740950985587542732e+01 -2.480927930187836239e+01
6.107494167940723173e+01 8.746096427275170981e+01 -2.486833978036153425e+01
6.085149445420576342e+01 8.751266770484242841e+01 -2.493220341201401169e+01
6.062902591711675626e+01 8.756458582655527323e+01 -2.499977437789646828e+01
6.040790278987778095e+01 8.761671849800809753e+01 -2.507171351829065387e+01
6.019323707628060305e+01 8.767634023189347658e+01 -2.514597279925531481e+01
5.998286224573916314e+01 8.774269221349281622e+01 -2.522332547838668404e+01
5.977446173239537330e+01 8.781179595448611508e+01 -2.530324088248989156e+01
6.355660442329335780e+01 8.730856099250739533e+01 -2.705920574317518046e+01
6.310744159294271327e+01 8.738542288805817293e+01 -2.724573734557063531e+01
6.265580942285232169e+01 8.746296595682871100e+01 -2.743209502194061500e+01
6.221378241859378022e+01 8.754669723391678815e+01 -2.761732362973184252e+01
6.177066495342330654e+01 8.765053973983744129e+01 -2.780695714696469523e+01
6.133073391853384493e+01 8.775588627332361114e+01 -2.799564068829987207e+01
6.089117508605097129e+01 8.786442589506494016e+01 -2.818300153726080737e+01
6.047042962278896283e+01 8.798605610407999222e+01 -2.837557162828339585e+01
6.005484994289616196e+01 8.812027682419052610e+01 -2.857649809285739195e+01
6.387897584386846006e+01 8.726912789684162419e+01 -2.707087136349830203e+01
6.375208046214378044e+01 8.730624058977531377e+01 -2.726943778546970876e+01
6.362948291945865265e+01 8.734304464247642841e+01 -2.747020236068488686e+01
6.350983089161280759e+01 8.737962780785993289e+01 -2.767238534885403567e+01
6.338758345044755060e+01 8.741809509294529335e+01 -2.788921586581266610e+01
6.326908083042238928e+01 8.745623069157485929e+01 -2.810737114684503624e+01
6.315391239636082332e+01 8.749408334263654297e+01 -2.832649154609591946e+01
6.304272431056512715e+01 8.753168084621820810e+01 -2.854689605580711742e+01
6.293497166178866564e+01 8.756894649243442075e+01 -2.876831589442468129e+01
7.763532572186524305e+01 8.972972248538609108e+01 -3.565815693511551387e+01
7.773728394060137248e+01 8.981255885900873182e+01 -3.587865771101195378e+01
7.784808504595667955e+01 8.990050169867635077e+01 -3.609907766373811455e+01
7.795837418288688525e+01 8.998801624659013498e+01 -3.631836957625554163e+01
7.806817511818593402e+01 9.007510989393561829e+01 -3.653652344225105963e+01
7.817750317369042534e+01 9.016178776465594069e+01 -3.675353460371220393e+01
7.828636948313069865e+01 9.024805386550353603e+01 -3.696940109097261029e+01
7.839478280029089774e+01 9.033391157402614624e+01 -3.718412249028418870e+01
7.849706278253347591e+01 9.042269299570597241e+01 -3.739670445574439128e+01
7.745971166141289643e+01 8.974118789255476258e+01 -3.605671657139136244e+01
7.738003551799212687e+01 8.983206333463728299e+01 -3.667386039236160400e+01
7.729166657273762553e+01 8.991894694626249418e+01 -3.728751284766313034e+01
7.719371360758636058e+01 9.000194199779778614e+01 -3.789726334987297207e+01
