7.094530000000000314e+01 7.563710000000000377e+01 0.000000000000000000e+00
7.068847390738557124e+01 7.557967802153576997e+01 -4.128979672693140479e-01
7.017200338734771492e+01 7.546426210369534715e+01 -8.615941266767075390e-01
6.965496469820028835e+01 7.534871921457059329e+01 -1.310798372190183469e+00
6.913776107754524958e+01 7.523313966676721520e+01 -1.758872198028011313e+00
6.862205805111037193e+01 7.510885956248284856e+01 -2.207349098814428867e+00
6.810691563633555745e+01 7.497951090349717163e+01 -2.656293978753760054e+00
6.759016127964271448e+01 7.485475686735564693e+01 -3.105730898995500144e+00
6.707292556267042016e+01 7.472988652534547782e+01 -3.555595925789054590e+00
6.653604173391758536e+01 7.461761662042825094e+01 -4.017189798060576855e+00
6.599979080108353457e+01 7.451572591355619579e+01 -4.476747815412398523e+00
6.546707080185473160e+01 7.440007653085234551e+01 -4.935279194771855948e+00
6.490203524074861718e+01 7.427446726258033038e+01 -5.403344186665289151e+00
6.435229918752533251e+01 7.430380068452014086e+01 -5.849892116787817287e+00
6.380891215698655117e+01 7.433338009360279841e+01 -6.295903399316394200e+00
7.052298551965076001e+01 7.554262222443701091e+01 -1.031326980531479753e+00
7.037558744164340396e+01 7.550960585489987409e+01 -1.654703671689978561e+00
7.024563000499541943e+01 7.548048392972410170e+01 -2.282319646313606398e+00
7.012828313775281686e+01 7.545417789891068594e+01 -2.913058668982342780e+00
7.002543801321107253e+01 7.543111013417858146e+01 -3.546878776461609206e+00
6.993779046894449891e+01 7.540569739963181917e+01 -4.184989347099958401e+00
6.986370576477649763e+01 7.537908312748018602e+01 -4.825023225873470878e+00
6.980326097351218095e+01 7.535579388790867483e+01 -5.466753510622808676e+00
6.975713719119343637e+01 7.533600060550000421e+01 -6.109893608893370853e+00
6.972332566360682904e+01 7.531921546839431869e+01 -6.754052014300504503e+00
6.970251908075360348e+01 7.530561178853211857e+01 -7.398976889092206299e+00
6.969493679910361550e+01 7.529666573278555575e+01 -8.044335002955794067e+00
6.969599268771720801e+01 7.530589310463217600e+01 -8.689864327573658898e+00
6.355548359282586546e+01 7.436981297689733594e+01 -6.682791146299742913e+00
6.330474720442041558e+01 7.446114046995293734e+01 -7.061864915613876192e+00
6.305722246504967643e+01 7.456515861858106575e+01 -7.439011924581530266e+00
6.281156533304783807e+01 7.466092216702365647e+01 -7.816750570030739809e+00
6.256786930035672611e+01 7.475369769918967222e+01 -8.195874899370574340e+00
6.232147841622511208e+01 7.484459609940871871e+01 -8.575885742148368962e+00
6.207578119349251722e+01 7.493541022068338009e+01 -8.955981976198785333e+00
6.182856873965254607e+01 7.502248200279301216e+01 -9.337866622688727247e+00
6.157953128007545729e+01 7.508687189140636065e+01 -9.722076977690885968e+00
6.134098953822531541e+01 7.520420686102826835e+01 -1.009817086427683108e+01
6.110249454119842483e+01 7.532158523382878457e+01 -1.047459790498153964e+01
6.086406502587771428e+01 7.543899949398696947e+01 -1.085133897899066469e+01
6.062571866418132771e+01 7.555644254647216940e+01 -1.122837601310200561e+01
6.336500162274932535e+01 7.433461661245289065e+01 -6.479095709749132403e+00
6.292378267782790147e+01 7.444941353029712161e+01 -6.632213593279211672e+00
6.247793524732773562e+01 7.453838080936851895e+01 -6.776359016829482051e+00
6.203449715737329484e+01 7.462228530166376572e+01 -6.911148015986734450e+00
6.158881797023396132e+01 7.470499753232599005e+01 -7.036678453378305775e+00
6.114097731476039854e+01 7.478637979630387633e+01 -7.152171939150044011e+00
6.069021475282521294e+01 7.487473512841981460e+01 -7.256526891854455208e+00
6.025104102188725363e+01 7.502362796089678909e+01 -7.340031811688156438e+00
5.980324481077713017e+01 7.513996450842721231e+01 -7.419656699372068509e+00
5.935762364915510858e+01 7.525463514923445985e+01 -7.491130678407373900e+00
5.890955904564330581e+01 7.536845750511072595e+01 -7.552578964815543472e+00
5.845939101539421756e+01 7.548152202675814237e+01 -7.605202072054306761e+00
5.800730468846716548e+01 7.559373966663572730e+01 -7.648678253848024688e+00
6.985662612284350814e+01 7.534894622483122362e+01 -9.182963072941834781e+00
7.001645604134746748e+01 7.539333750101745579e+01 -9.676393119743131876e+00
7.017625263965486226e+01 7.543785731395747973e+01 -1.017001489705283923e+01
7.033603785786368690e+01 7.548237643247325934e+01 -1.066381777709552203e+01
7.049580598490754824e+01 7.552689334153230050e+01 -1.115779076333436315e+01
7.065555197647663022e+01 7.557140669387682408e+01 -1.165192334806572561e+01
7.081055033344443927e+01 7.561484831895231196e+01 -1.215330995319808061e+01
7.096607738377291241e+01 7.565841409824457742e+01 -1.265430862102702747e+01
7.112211031577933795e+01 7.570209848456690338e+01 -1.315491947236147574e+01
7.127863304046087478e+01 7.574589754498630612e+01 -1.365514080015972453e+01
7.143563413261685469e+01 7.578980846796285675e+01 -1.415496976192939727e+01
7.159310552412941320e+01 7.583382925044502088e+01 -1.465440281060375050e+01
7.175104163436301974e+01 7.587795848954944233e+01 -1.515343597366141104e+01
6.946866827652215193e+01 7.527859805802185633e+01 -9.493612511403632936e+00
6.922814324855197299e+01 7.524858081749002281e+01 -1.029326304203739184e+01
6.896678266264548540e+01 7.521425159568194374e+01 -1.108576144273101072e+01
7.175811802574722265e+01 7.588459895719293513e+01 -1.558307047738205675e+01
7.176496823787591950e+01 7.589457239542188915e+01 -1.601164153005185398e+01
7.176803138346819821e+01 7.592241807425210709e+01 -1.643919980888059129e+01
7.177227460229944711e+01 7.595193211963270130e+01 -1.686612886181013238e+01
7.177564329862838122e+01 7.598960882735325129e+01 -1.729209275799775014e+01
7.177979339477816723e+01 7.602735684002057326e+01 -1.771750005835126629e+01
7.178472874949837035e+01 7.606517692390822560e+01 -1.814235276167151767e+01
7.179045411848375124e+01 7.610306998205869888e+01 -1.856665285740761817e+01
7.179697473585649448e+01 7.614103699071819165e+01 -1.899040233290550361e+01
7.180429608374613792e+01 7.617907896431324843e+01 -1.941360317709187200e+01
7.181242375591502025e+01 7.621719693469606227e+01 -1.983625738235458513e+01
7.189009632511313441e+01 7.591411979307176239e+01 -1.535767593101746975e+01
7.202982306764720022e+01 7.595043903564790355e+01 -1.556143321076883268e+01
7.217456416976125411e+01 7.598793409022050582e+01 -1.576136081395198829e+01
7.232206293059321922e+01 7.602677389122879958e+01 -1.595749147611496532e+01
7.247221700866612082e+01 7.607533987028179467e+01 -1.614920140632776224e+01
7.262561656157222956e+01 7.612450145315493444e+01 -1.633781138718837767e+01
7.278324266281275357e+01 7.617443360357830784e+01 -1.652230328634448142e+01
7.294830601140762383e+01 7.622589350146311915e+01 -1.670228947984511336e+01
7.311765509553561060e+01 7.627813497505604801e+01 -1.687810339085048739e+01
7.329062614788279006e+01 7.633102721279490765e+01 -1.705023549360192092e+01
7.346761490353964064e+01 7.638462982438478832e+01 -1.721810019615308818e+01
7.364808040841948866e+01 7.643883692077386627e+01 -1.738210869441265061e+01
7.383154765793179308e+01 7.649355772142537546e+01 -1.754265713410908845e+01
5.779590300884819243e+01 7.567332215705907572e+01 -7.734076080701719924e+00
5.758101769569999107e+01 7.574097194643697151e+01 -7.821405159527022199e+00
5.736572243798250526e+01 7.580875472729923104e+01 -7.908934907884257015e+00
5.715010382482154228e+01 7.587689418994543189e+01 -7.996172154171203417e+00
5.693473197203893932e+01 7.594747612914072477e+01 -8.083228408409187438e+00
5.671904139384947285e+01 7.601816437960508210e+01 -8.170426050648440963e+00
5.650389234180980225e+01 7.608885477692886923e+01 -8.258618388454531001e+00
5.628837648416511996e+01 7.615965871571029311e+01 -8.346913937758351665e+00
5.607251500781301701e+01 7.623056988068219653e+01 -8.435308378517344607e+00
5.585632768017628536e+01 7.630158227867110554e+01 -8.523796997608652504e+00
5.563698838435000482e+01 7.636492521250055177e+01 -8.614096208994649118e+00
5.541915888394446910e+01 7.643107011319455069e+01 -8.703738544852745562e+00
5.520333523110425489e+01 7.650544716464335693e+01 -8.792446847481608430e+00
5.751217617201137244e+01 7.572543693203932946e+01 -7.527122294027059013e+00
5.701661565938891130e+01 7.584274922722475765e+01 -7.393338810239289849e+00
5.652671823264690687e+01 7.595718709988366868e+01 -7.247799526209665721e+00
5.603909312290048206e+01 7.606966519149405315e+01 -7.090558729034571961e+00
5.555424677281573054e+01 7.617999290078884655e+01 -6.921140685926204128e+00
5.507259534598097162e+01 7.628804022351741310e+01 -6.739385030094762641e+00
5.459739405404184254e+01 7.640258607153398884e+01 -6.545018700704809511e+00
5.413432785642813627e+01 7.653766516572630962e+01 -6.335659744804722493e+00
5.367227733091932862e+01 7.666187935051264901e+01 -6.120186105168848201e+00
5.320989634520063305e+01 7.677437966671827496e+01 -5.896839360910638206e+00
5.274983040618736396e+01 7.688545999821850785e+01 -5.665787274329452394e+00
5.229173412311380531e+01 7.699532357225059798e+01 -5.428090595937415053e+00
5.183532534182678120e+01 7.710413567859443162e+01 -5.184608356615619584e+00
7.407530202120921103e+01 7.657694268446338981e+01 -1.792636631909184430e+01
7.431924560424114645e+01 7.666036254909387537e+01 -1.830989758127703837e+01
7.456337967861942673e+01 7.674381752339071738e+01 -1.869324930274600050e+01
7.480226324786578118e+01 7.683036409129699962e+01 -1.907719491485958585e+01
7.503933564580218274e+01 7.692190240264247336e+01 -1.946070768980236565e+01
7.527417456335241752e+01 7.701324938574759926e+01 -1.985403981372865445e+01
7.550931586011010666e+01 7.710466397043207110e+01 -2.024687721696700393e+01
7.574473442320966399e+01 7.719613939543826575e+01 -2.063923802964885823e+01
7.598041357788181926e+01 7.728767118356941523e+01 -2.103113453489229201e+01
7.621634219088717543e+01 7.737925635753492770e+01 -2.142257517393051813e+01
7.645251294169950995e+01 7.747089297204925629e+01 -2.181356574531604764e+01
7.668892122740815864e+01 7.756257981751014086e+01 -2.220411016582658092e+01
7.692999028912687720e+01 7.765556489289043895e+01 -2.259215821817786107e+01
7.424829906098550225e+01 7.660588000949594800e+01 -1.771629136291667095e+01
7.466421221816399623e+01 7.672830324864931129e+01 -1.787792238847158188e+01
7.508083797240632862e+01 7.686292681729335641e+01 -1.802658441107726972e+01
7.550403540555556958e+01 7.699486598219974098e+01 -1.816689407220928842e+01
7.593019390027239979e+01 7.712695918318256361e+01 -1.829786346704717559e+01
7.635924538328578137e+01 7.725933641788037676e+01 -1.841878642988853088e+01
7.679105526688803707e+01 7.739193548065546224e+01 -1.852925590912226284e+01
7.721841042468608407e+01 7.753363653289549973e+01 -1.863122322315548729e+01
7.764282263409792506e+01 7.768868877005549223e+01 -1.872321052905420657e+01
7.807484194248378628e+01 7.783861488434807541e+01 -1.880562939946251078e+01
7.851031787415602992e+01 7.798275793220446417e+01 -1.887979171077703100e+01
7.894723080745323784e+01 7.812682785577496247e+01 -1.894520645069371412e+01
7.938545514103056178e+01 7.827076648096635836e+01 -1.900158022033455651e+01
5.166617457059853535e+01 7.713652737623581856e+01 -5.012641601197898922e+00
5.149674493518243423e+01 7.716897627167264773e+01 -4.840430439513133010e+00
5.132705101298548556e+01 7.720147956876192552e+01 -4.667989643987510817e+00
5.115710671813188526e+01 7.723403458496845531e+01 -4.495333174627208273e+00
5.098692522481839973e+01 7.726663877733213326e+01 -4.322474217378107220e+00
5.141649962605690405e+01 7.721760795771459129e+01 -5.101455379890648345e+00
5.100044770296553054e+01 7.734062997523055571e+01 -5.026207248052070753e+00
5.488305892106334483e+01 7.663434799897055427e+01 -9.064038325135534535e+00
5.456251580560326886e+01 7.676335660880360479e+01 -9.335859034940915180e+00
5.424172594792658231e+01 7.689246495265219039e+01 -9.607892215007284520e+00
5.392158753734356935e+01 7.702141825554927834e+01 -9.880182322116787930e+00
5.359215777486689802e+01 7.712457723494448203e+01 -1.015723714499401353e+01
5.327208844157790679e+01 7.725114038705767427e+01 -1.043067910082645611e+01
5.295640899540369162e+01 7.739226862537421425e+01 -1.070248183330004110e+01
5.264070332250010864e+01 7.753340631566473462e+01 -1.097429015324532919e+01
5.232499264403401895e+01 7.767454475327802754e+01 -1.124609163955697255e+01
5.460952944011835797e+01 7.668384145776491323e+01 -8.838282932260305813e+00
5.401411402897007719e+01 7.686101482232567150e+01 -8.871367920351685754e+00
5.341958342338449484e+01 7.703636103150095948e+01 -8.892590673256554723e+00
5.282030159092755639e+01 7.719678262299368043e+01 -8.903196970154715117e+00
5.223130385992099178e+01 7.739096556553354844e+01 -8.893440390325755729e+00
5.164204188054604572e+01 7.758316123414971344e+01 -8.868170319041364991e+00
5.105785140012397250e+01 7.777136229070639217e+01 -8.825619264655575336e+00
5.047447041192700112e+01 7.795736956711169796e+01 -8.768675197330908944e+00
4.989503802814578393e+01 7.814647724119302552e+01 -8.696536545698085874e+00
4.934205158034622940e+01 7.839250310857720194e+01 -8.601807956567503410e+00
4.879235746175386623e+01 7.863459869918473544e+01 -8.495214167422158624e+00
4.825372333356588683e+01 7.887341455343127450e+01 -8.398787137557041760e+00
4.771600543410846029e+01 7.911454028486772927e+01 -8.316216662228097078e+00
7.699858663580376117e+01 7.768853227036986198e+01 -2.283285460177100745e+01
7.706697278446294774e+01 7.772141554204623048e+01 -2.307315201382219882e+01
7.713514839302827397e+01 7.775421465394839515e+01 -2.331305146448194421e+01
7.720311236814075073e+01 7.778692933475620919e+01 -2.355255420448479953e+01
7.727086353370646066e+01 7.781955928916011089e+01 -2.379166150997984275e+01
7.733318641864211429e+01 7.786910849855838990e+01 -2.402777452961634097e+01
7.739541827491895276e+01 7.791961162535115193e+01 -2.426346498848141309e+01
7.745786604735999958e+01 7.797013559236459912e+01 -2.449881570121373642e+01
7.752052954545433749e+01 7.802068022808668957e+01 -2.473382581953636006e+01
7.758340919999763230e+01 7.807124553867234340e+01 -2.496849439998574383e+01
7.764650586344234284e+01 7.812183165462060686e+01 -2.520282046275211840e+01
7.770982068251161934e+01 7.817243879647287486e+01 -2.543680302712983377e+01
7.777335501315573651e+01 7.822306725167783270e+01 -2.567044113342088352e+01
7.711637988804812949e+01 7.772033109755999192e+01 -2.274951132238916429e+01
7.730677119423766896e+01 7.778601987308887544e+01 -2.290087626339304450e+01
7.750098901129237561e+01 7.785257383587270397e+01 -2.304617506022573181e+01
7.769820080128384632e+01 7.791847082213686804e+01 -2.318725706976436385e+01
7.789543883099052834e+01 7.798936730230050784e+01 -2.332351018447708668e+01
7.809400733971051523e+01 7.806594351678101873e+01 -2.345450529280519447e+01
7.829550181709998924e+01 7.814332779222252157e+01 -2.358044373154177009e+01
7.849950384320550256e+01 7.822139456874741370e+01 -2.370183037037526574e+01
7.870485306885575483e+01 7.830281250991527031e+01 -2.381695117956903118e+01
7.891050550494757942e+01 7.839033650506358697e+01 -2.392653818738622462e+01
7.911903617617588225e+01 7.847829225226109884e+01 -2.403148330362714091e+01
7.932963356852521031e+01 7.856643367246550724e+01 -2.413212717196007162e+01
7.954227707477210174e+01 7.865473207692700441e+01 -2.422830373188865494e+01
7.982309867608888965e+01 7.843427001298172740e+01 -1.890751649234285381e+01
8.026305868448595504e+01 7.860208504137372643e+01 -1.881088376572470722e+01
8.071132646491237495e+01 7.874762815795230608e+01 -1.871735445224541650e+01
8.115957703598287765e+01 7.889316712241664220e+01 -1.862384802813188145e+01
8.160780984098002477e+01 7.903870208785946261e+01 -1.853036909805240740e+01
8.204232563214563356e+01 7.921014295194015631e+01 -1.843533904079878738e+01
8.247800687608302894e+01 7.938886071036775149e+01 -1.833751757994126663e+01
8.292385331028634710e+01 7.954035492342094926e+01 -1.824321355932321609e+01
8.336966199393523880e+01 7.969183739439324654e+01 -1.814892893473605895e+01
8.381543126104486419e+01 7.984330754823677978e+01 -1.805466396431761211e+01
8.425023865009622170e+01 8.001584928638789052e+01 -1.795848652855807970e+01
8.468066303439555043e+01 8.020553234580590640e+01 -1.785903315913519762e+01
8.512172597722636169e+01 8.036664191701947857e+01 -1.776203576220293812e+01
8.017755897068218474e+01 7.859937108918967397e+01 -1.936858237486509182e+01
8.096877126260979196e+01 7.891275483849996419e+01 -1.975992634667485603e+01
8.175919694539270210e+01 7.921230432292090029e+01 -2.017198975677505501e+01
8.250805689285078870e+01 7.956193982588047220e+01 -2.060016474220428861e+01
8.324374107687319224e+01 7.991827110127566414e+01 -2.104680337605797291e+01
8.398932832353220590e+01 8.023471167628021306e+01 -2.151231498064682057e+01
8.469288984140821697e+01 8.060444941947980624e+01 -2.198886978060365394e+01
8.537608925954293682e+01 8.098432041453628472e+01 -2.248073561471600357e+01
8.605312757139026303e+01 8.135742542168763691e+01 -2.298771119416726805e+01
8.670661454888939090e+01 8.174750733184515639e+01 -2.350740729900054404e+01
8.732935469050764254e+01 8.216236594661276627e+01 -2.403225172823788824e+01
8.793892685370255435e+01 8.258557073069626142e+01 -2.456739570452137400e+01
8.852094995011437106e+01 8.304133088257459860e+01 -2.510604606023613528e+01
4.743093776534760764e+01 7.922441254016838741e+01 -8.181907024156519270e+00
4.714635318031143640e+01 7.933388691834467465e+01 -8.046757840500953662e+00
4.687117626913189383e+01 7.945937605719917940e+01 -7.907511329201883932e+00
4.660314255186391819e+01 7.959831964510104285e+01 -7.765217806141620827e+00
4.633470619544712576e+01 7.973753402453355932e+01 -7.623022660265340811e+00
4.606591836031259390e+01 7.987699222694615742e+01 -7.480950798999384865e+00
4.579682717389865587e+01 8.001666928283097491e+01 -7.339027665804400691e+00
4.552665735174866057e+01 8.015794620193108244e+01 -7.201765257856981961e+00
4.525574228248511588e+01 8.029958181959352714e+01 -7.063968306998440028e+00
4.498412022879544736e+01 8.044155997990947071e+01 -6.925675624982281064e+00
4.471182833000968770e+01 8.058386429202484180e+01 -6.786921317465804293e+00
4.443890238771443535e+01 8.072647846711285524e+01 -6.647735805848791202e+00
4.416537675545889385e+01 8.086938652626101032e+01 -6.508146526593104220e+00
4.685908007164135114e+01 7.960763098619268874e+01 -8.491507786675050795e+00
4.604017761061886915e+01 8.016337625041055048e+01 -8.672409652576005712e+00
4.521746413546749466e+01 8.070357064168493366e+01 -8.907810483409946301e+00
4.436834929124309923e+01 8.117907579226456960e+01 -9.173441690341608279e+00
4.353419760168513619e+01 8.166399813147511111e+01 -9.460730322678131188e+00
4.255984798183023088e+01 8.190053645262756277e+01 -9.812309130688989356e+00
8.862492134866292304e+01 8.314265373895671019e+01 -2.530103365189136966e+01
8.872884871723161382e+01 8.324395600976680498e+01 -2.549605142586193551e+01
8.883272372139818174e+01 8.334522941749213487e+01 -2.569108296685437409e+01
8.893653789791717656e+01 8.344646587179001074e+01 -2.588611319753640316e+01
8.904145083364208801e+01 8.354854339334518443e+01 -2.608204377410497443e+01
8.914650790179067030e+01 8.365075613298361645e+01 -2.627821817417061112e+01
8.925170205113886368e+01 8.375309693989534310e+01 -2.647462176357375796e+01
8.935702622294954267e+01 8.385555887754026116e+01 -2.667124101335875963e+01
8.946247349431618545e+01 8.395813527691905165e+01 -2.686806333207252706e+01
8.956803714878003575e+01 8.406081975753005509e+01 -2.706507695644467759e+01
8.967371071120027182e+01 8.416360623270799124e+01 -2.726227087210121169e+01
8.977028246432398362e+01 8.427145641587823377e+01 -2.745779575557273589e+01
8.986510757097018143e+01 8.438133153442635148e+01 -2.765290729808007697e+01
8.903437369062777407e+01 8.339575373614364651e+01 -2.533184376766974921e+01
8.954900325398128302e+01 8.374817041777761517e+01 -2.554383373356504094e+01
9.005887864671358045e+01 8.411150019266757738e+01 -2.574019080267692061e+01
9.055953078356667163e+01 8.450013795544742834e+01 -2.591532045895507252e+01
9.106486954066438955e+01 8.487949057015556775e+01 -2.607567144064950426e+01
9.157520562179736601e+01 8.525907356727616104e+01 -2.622134231456523779e+01
9.206887902005861690e+01 8.566268954444424821e+01 -2.634658501923111373e+01
9.256694952823970368e+01 8.606703733367339737e+01 -2.645930320073712494e+01
9.306523122874386900e+01 8.646819583885687166e+01 -2.656230530115561095e+01
9.355718192434839864e+01 8.687775818398128536e+01 -2.665479212963872868e+01
9.404587450266839710e+01 8.729619291629609279e+01 -2.673831063754995796e+01
9.453681441829625953e+01 8.771253113288128134e+01 -2.681627035299232986e+01
9.502859023029452601e+01 8.813029301095437518e+01 -2.688868927811133958e+01
8.005818818634040213e+01 7.884469006723499263e+01 -2.427268850217117446e+01
8.056554395782268330e+01 7.905479323644182443e+01 -2.431470735779732095e+01
8.107309242693000328e+01 7.926310216028342381e+01 -2.435665861248563147e+01
8.158066353715487651e+01 7.947144575104161390e+01 -2.439880854405772936e+01
8.208824990659913112e+01 7.967982120192311868e+01 -2.444115827117055417e+01
8.258549737581762429e+01 7.991020830070570469e+01 -2.448059653953437831e+01
8.308289800440330453e+01 8.013753848361521648e+01 -2.452932893327812991e+01
8.357723246871125866e+01 8.036555692411354812e+01 -2.459303830025725190e+01
8.406888839818809345e+01 8.059436752800748138e+01 -2.467122704181218040e+01
8.454308003532842974e+01 8.085185074145206841e+01 -2.476006312046747482e+01
8.501830464618065264e+01 8.109991640705388249e+01 -2.486342770088903364e+01
8.548810796564509928e+01 8.134769979447655430e+01 -2.498208284382091549e+01
8.595362102357221090e+01 8.159561506194597769e+01 -2.511513523568076067e+01
8.010310078753575169e+01 7.891874803374898306e+01 -2.472439537761513151e+01
8.064324341051163003e+01 7.920376928232792579e+01 -2.522925613949923829e+01
8.117500302038335747e+01 7.948298441404992332e+01 -2.574608935472270943e+01
8.169323727475341457e+01 7.975877075142533101e+01 -2.627826530401962657e+01
8.219837969204165518e+01 8.003114593446082381e+01 -2.682457664134044606e+01
8.267110401520939433e+01 8.032404134885538838e+01 -2.738141062555709837e+01
8.312900930352577689e+01 8.061874910932066030e+01 -2.795336238618357072e+01
8.358403295495016039e+01 8.090778553394325456e+01 -2.853528372664534274e+01
8.402568104353208867e+01 8.118500692981149314e+01 -2.912960924791580197e+01
8.443492230120396869e+01 8.147906839709277449e+01 -2.973149932586527910e+01
8.482192448753880853e+01 8.178339309851980943e+01 -3.034285591270273130e+01
8.519283248270737374e+01 8.207978630967646438e+01 -3.096341574625981963e+01
8.554082290465167659e+01 8.239064278149261611e+01 -3.158795552638002491e+01
4.388795892788554198e+01 8.098978264846113007e+01 -6.243141736467540781e+00
4.360996644249713228e+01 8.111044814745909548e+01 -5.977688482688098937e+00
4.334084346455617975e+01 8.125224625633889275e+01 -5.709550205666383604e+00
4.393871893020951092e+01 8.100394037562621463e+01 -6.473600030232979918e+00
4.372369883611140295e+01 8.115935500027437399e+01 -6.443127891449504041e+00
4.353269352432210582e+01 8.133272442176586026e+01 -6.407039208110751005e+00
4.329672246774745759e+01 8.155398859270218281e+01 -6.421202586543673263e+00
4.303340831603742345e+01 8.169481578028296553e+01 -6.435129742004397357e+00
4.277376978556048925e+01 8.183377487970115283e+01 -6.453477657864335804e+00
4.251785056110612970e+01 8.197081727488301794e+01 -6.475051500020883033e+00
4.226564633452556308e+01 8.210592483012402454e+01 -6.498886240273552772e+00
4.201712729211327968e+01 8.223909813075960074e+01 -6.524258099490398699e+00
4.177225067323352903e+01 8.237034853421731384e+01 -6.550625690215636787e+00
4.153096707998690107e+01 8.249969368280689253e+01 -6.577577139382126958e+00
4.130373379327816252e+01 8.263896833638617068e+01 -6.602387213475997996e+00
4.095930412231943052e+01 8.280680168717090339e+01 -6.683357999100273616e+00
8.538585183340909168e+01 8.045196673865643788e+01 -1.761084391601393406e+01
8.564985362391560386e+01 8.053724166728746070e+01 -1.745964116622728213e+01
8.591372916946852456e+01 8.062246575499351309e+01 -1.730842672428892826e+01
8.617747655513265670e+01 8.070763820027239888e+01 -1.715720015970378398e+01
8.643849652493204871e+01 8.079806576021772457e+01 -1.700531138465023417e+01
8.668975186631458030e+01 8.091035821647467685e+01 -1.685021494697539879e+01
8.694696359859791812e+01 8.100793137888119588e+01 -1.669674371267629809e+01
8.720398050976702109e+01 8.110539333252872041e+01 -1.654312442636283009e+01
8.746079906047221186e+01 8.120274230538743154e+01 -1.638935615770066434e+01
8.771951971569507123e+01 8.130101656608680116e+01 -1.623589635705017287e+01
8.797780269967974220e+01 8.139908768326746724e+01 -1.608243475495333286e+01
8.823560493342843358e+01 8.149703856225194443e+01 -1.592924703776400008e+01
8.849230810242865175e+01 8.159622256148630015e+01 -1.577574023758073807e+01
8.535239055921499585e+01 8.045986943317674900e+01 -1.778619579198301892e+01
8.558182597244318401e+01 8.055350221624723872e+01 -1.781775689649469641e+01
8.581042215053525979e+01 8.064731606548754428e+01 -1.785357289341802201e+01
8.603775504135610674e+01 8.074135524716211876e+01 -1.789539951940744800e+01
8.626355227056521358e+01 8.083558024500025851e+01 -1.794379731151334312e+01
8.648118341761772854e+01 8.094367939396367717e+01 -1.799569011114539308e+01
8.669010281970430754e+01 8.106342787795504989e+01 -1.805191290287012507e+01
8.689586017707814847e+01 8.118207049105490114e+01 -1.811299384711633564e+01
8.710724744488460658e+01 8.129149334491295065e+01 -1.817935870404047449e+01
8.731764851658242321e+01 8.139903279516875045e+01 -1.825024301761937551e+01
8.752945653269109982e+01 8.150801968281515997e+01 -1.832676154387936762e+01
8.773937058155689783e+01 8.161673350975117103e+01 -1.840756593191639112e+01
8.794720165298870995e+01 8.172512577547168178e+01 -1.849293333496056491e+01
7.775844465730168054e+01 7.828008059743662272e+01 -2.613215066544186627e+01
7.774402933894349133e+01 7.833713832495959650e+01 -2.659305576545959937e+01
7.773011324343352157e+01 7.839424177814608186e+01 -2.705315689490824127e+01
7.771670044611448702e+01 7.845139228138435783e+01 -2.751245462164840916e+01
7.809113372852510793e+01 7.838767026223817425e+01 -2.617456200522072507e+01
7.841231593407033529e+01 7.855943399929880400e+01 -2.667060740797414908e+01
7.874092737740178904e+01 7.874068382913989694e+01 -2.715716246958847790e+01
7.907897711039140631e+01 7.892562063503152103e+01 -2.764551994843395377e+01
7.942735952090801277e+01 7.911324535131471691e+01 -2.812504385022182518e+01
9.555495196608394792e+01 8.863919739899222350e+01 -2.719524819695482520e+01
9.608870501918998741e+01 8.914727154630683970e+01 -2.750385399524803987e+01
9.664683517034470128e+01 8.965086637408072079e+01 -2.781168221284900355e+01
9.721565762201684890e+01 9.013792515859275056e+01 -2.812448919262338975e+01
9.784739060368600860e+01 9.060959452623693267e+01 -2.845404586403652303e+01
9.848981272474864568e+01 9.100437516072116750e+01 -2.879235311074252479e+01
9.918029549939562628e+01 9.125005885245624881e+01 -2.915016674899448645e+01
9.552260084988405708e+01 8.850703537115846586e+01 -2.676854510118672081e+01
9.601908015502348803e+01 8.887402167013163989e+01 -2.663053578098820395e+01
9.651800873340256715e+01 8.924039237853932605e+01 -2.648208094263127066e+01
9.702815105926957528e+01 8.959043708899680780e+01 -2.632153777000351624e+01
9.754808095733697826e+01 8.992167087732158848e+01 -2.614757829720547733e+01
9.807573730376486765e+01 9.025407658986834747e+01 -2.596234566129342625e+01
9.862320630394496845e+01 9.055355639333203044e+01 -2.576833565453970465e+01
9.919645313908672790e+01 9.079580815815087647e+01 -2.557158171123264268e+01
9.977633421691997739e+01 9.103691330369167645e+01 -2.536328702912491195e+01
1.004147776991581509e+02 9.117206559445209280e+01 -2.516575887088651697e+01
1.009890692119796114e+02 9.119416966123453960e+01 -2.493471106394629189e+01
1.015196000645346999e+02 9.120234174230623125e+01 -2.467578970575452146e+01
1.019858855768750203e+02 9.102817669635723519e+01 -2.438696720099740034e+01
8.990455209150476890e+01 8.445900412543836921e+01 -2.788353661862157296e+01
8.994405479874923515e+01 8.453676784192055038e+01 -2.811439649329598467e+01
8.998361552691844167e+01 8.461461908467043713e+01 -2.834547065068669269e+01
9.002323352010270696e+01 8.469255406300793254e+01 -2.857674390697940936e+01
9.006290802681358798e+01 8.477056916887909210e+01 -2.880820191739278258e+01
9.010263836670473836e+01 8.484866101042698006e+01 -2.903983110895430997e+01
9.014242394198778641e+01 8.492682641030361879e+01 -2.927161863424871413e+01
9.018300218790143674e+01 8.500576113793358957e+01 -2.950433978483457409e+01
9.022352239401607221e+01 8.508464286291780354e+01 -2.973700813515421970e+01
9.026398464546157641e+01 8.516346915858970590e+01 -2.996961205301349196e+01
9.030438859263590246e+01 8.524223745808505726e+01 -3.020214071145111490e+01
9.034473359752645649e+01 8.532094514009057207e+01 -3.043458399801134107e+01
9.038501882930236775e+01 8.539958958272805489e+01 -3.066693244548555342e+01
9.018616478875721043e+01 8.468147268533557792e+01 -2.797746643738799932e+01
9.051808574168219934e+01 8.498605667684961418e+01 -2.829063899992429754e+01
9.086242746380690960e+01 8.528639986285915597e+01 -2.859323026287132308e+01
9.120876742026669604e+01 8.558787036826458916e+01 -2.888493417701062782e+01
9.154633968359429730e+01 8.591297587687451198e+01 -2.916110369152850268e+01
9.188934506419226977e+01 8.623976210384351759e+01 -2.942643686391714297e+01
9.223886163576815989e+01 8.656896774928054583e+01 -2.968152551601700750e+01
9.259661601069075232e+01 8.689687846592468645e+01 -2.992678802690811324e+01
9.294749808511413391e+01 8.723980263305011817e+01 -3.015848729944882933e+01
9.330151431394993722e+01 8.758412647299005016e+01 -3.038143210619381662e+01
9.365947296323241744e+01 8.792993603645268763e+01 -3.059729863093174629e+01
9.401106546920426865e+01 8.827307911469182500e+01 -3.082734574236889102e+01
9.435315299949617440e+01 8.861616277545094533e+01 -3.107117176500385014e+01
8.871932087179116877e+01 8.166823321522348067e+01 -1.552760118996611993e+01
8.894059982934116704e+01 8.174974779552916004e+01 -1.527802602417555100e+01
8.915739842319106856e+01 8.183900268394577893e+01 -1.502725277003520254e+01
8.937384371608210643e+01 8.192804474291776273e+01 -1.477641754183113854e+01
8.958993011891907088e+01 8.201687120766324313e+01 -1.452552356495267105e+01
8.980565194989310385e+01 8.210547915507018502e+01 -1.427457333269143192e+01
9.002298643014191271e+01 8.219500812475924079e+01 -1.402355363679430056e+01
9.024003011256618834e+01 8.228435616908511463e+01 -1.377244278022765833e+01
9.045677844316445260e+01 8.237352136802800828e+01 -1.352124571520139007e+01
9.066525828958410216e+01 8.247226708093675995e+01 -1.326907997098670400e+01
9.087297415999910299e+01 8.257249401125946520e+01 -1.301666835168238201e+01
9.108081533532151752e+01 8.267279699478974919e+01 -1.276422492054470936e+01
9.128877398300420509e+01 8.277317170013674286e+01 -1.251175493053569454e+01
8.893599458566785643e+01 8.180301036951178162e+01 -1.566864443991786615e+01
8.936685824571368642e+01 8.203725667640762254e+01 -1.556744970554710861e+01
8.979810329715280659e+01 8.227308821890089519e+01 -1.547579015613985298e+01
9.022860731890597208e+01 8.251035452865555442e+01 -1.539714087283343069e+01
9.065922707156096294e+01 8.274942995723996830e+01 -1.533066190352739788e+01
9.108326603442824876e+01 8.299943415518420409e+01 -1.527452888970345235e+01
9.149234039413535413e+01 8.327467529960665615e+01 -1.522635626268179898e+01
9.190136444212828337e+01 8.355137313664472742e+01 -1.518933622065063282e+01
9.230739403186498748e+01 8.382746137226422434e+01 -1.516317714047309728e+01
9.271319131711919681e+01 8.410475696828315506e+01 -1.514724323362854008e+01
9.311599306468806958e+01 8.438591533441292825e+01 -1.514106987437006424e+01
9.350713329060386059e+01 8.468303455168634741e+01 -1.514275381045234248e+01
9.389553218406196322e+01 8.498416899674855074e+01 -1.515402886222232048e+01
8.580212648796344865e+01 8.259533202283974163e+01 -3.184678956869631250e+01
8.604976824785785539e+01 8.282134712943691568e+01 -3.210056471853185656e+01
8.630170565205595778e+01 8.304040754239275657e+01 -3.235531047176807107e+01
8.655278576370722021e+01 8.325894219338685787e+01 -3.261010225878374058e+01
8.680425551693261355e+01 8.347778893496673902e+01 -3.286517704996105493e+01
8.705609396050688531e+01 8.369693035831531347e+01 -3.312051701996502118e+01
8.730004430066190935e+01 8.392077390588235630e+01 -3.337429314167896877e+01
8.753217613201292124e+01 8.416000473190858600e+01 -3.362421116390701314e+01
8.777447007475963403e+01 8.439251693625116957e+01 -3.387490791680875191e+01
8.801912501689096757e+01 8.462201291567411943e+01 -3.412742831813979194e+01
8.826412392648687444e+01 8.485181071972854738e+01 -3.438022417551696464e+01
8.850144500486699428e+01 8.507900865020098990e+01 -3.464267535750442306e+01
8.871551346406914718e+01 8.531514630231994545e+01 -3.490980618052893902e+01
8.559275414035550966e+01 8.248420617253633225e+01 -3.188183771695423729e+01
8.563665784571797701e+01 8.257374401508225503e+01 -3.217814157844005507e+01
8.567558085508875365e+01 8.266080138645750708e+01 -3.247602676656099163e+01
8.570753939316283265e+01 8.274431752425464026e+01 -3.277578932571064740e+01
8.572812157040915793e+01 8.282557773353369157e+01 -3.307623573915582682e+01
8.574066962270725867e+01 8.290437316722822914e+01 -3.337757387270637821e+01
8.574602653038489564e+01 8.297824063375652770e+01 -3.368012064953839513e+01
8.574512092669041863e+01 8.304778709792688574e+01 -3.398359284984258721e+01
8.573746059561305799e+01 8.311263744195403547e+01 -3.428790975335821400e+01
8.572389223441305717e+01 8.317335408311245715e+01 -3.459285206406330104e+01
8.570617703156193556e+01 8.323175562595356780e+01 -3.490076801263433737e+01
8.568376277447501366e+01 8.328684059579808263e+01 -3.520905706207607011e+01
8.565628975288574054e+01 8.333831719492970080e+01 -3.551758387009063966e+01
4.045376110240598422e+01 8.285477121861666205e+01 -6.869136453891089289e+00
3.997651968401385858e+01 8.289968254992109564e+01 -7.045787750251753856e+00
3.952600509769501258e+01 8.294170093576668989e+01 -7.213836519980969975e+00
3.908081766020639236e+01 8.286108370427605507e+01 -7.335647570185153121e+00
3.867090782678830152e+01 8.268317069860142965e+01 -7.386921468737481788e+00
3.832176938355327422e+01 8.254756983231038703e+01 -7.407021940737823940e+00
3.798727822984697156e+01 8.241790732528804142e+01 -7.425910024575247625e+00
3.766668690379795947e+01 8.229391371722587678e+01 -7.443597920170767601e+00
3.736698519143352826e+01 8.212990497493615294e+01 -7.434964791460012101e+00
3.713570602235800777e+01 8.189992147089905927e+01 -7.351508664073871380e+00
3.690422967608190419e+01 8.168954393642731304e+01 -7.267477934125186501e+00
3.667660639311488069e+01 8.149163295181989497e+01 -7.177999802622468728e+00
3.650550140066404481e+01 8.137299702255295131e+01 -7.087725973315329497e+00
4.039266498712488129e+01 8.295464934359512199e+01 -6.570230292029222596e+00
3.985741508827916846e+01 8.310281250907939921e+01 -6.434316245754748920e+00
3.935188228371011832e+01 8.325137512000860340e+01 -6.276485598450591397e+00
3.887447993443144156e+01 8.340040949742309806e+01 -6.097588630048052849e+00
3.837640570180352739e+01 8.347433923867272654e+01 -5.893870792894386312e+00
8.811578993109404223e+01 8.182501958331691583e+01 -1.864697706166635527e+01
8.828410106268185586e+01 8.192479096455016929e+01 -1.880106364531585328e+01
8.845213055076436603e+01 8.202443793694126839e+01 -1.895519381154424110e+01
8.861508919935060646e+01 8.213098865924942515e+01 -1.910826843559086541e+01
8.877160094073916241e+01 8.224839951742212918e+01 -1.925980381317225110e+01
8.892749267137168090e+01 8.236544416434777816e+01 -1.941139370462963498e+01
8.908275882293514769e+01 8.248211893339949086e+01 -1.956303609901724627e+01
8.923739381344459787e+01 8.259842027044645363e+01 -1.971472978485548211e+01
8.939139220148697973e+01 8.271434479286972419e+01 -1.986647412412016322e+01
8.955233040109663989e+01 8.283330477038340689e+01 -2.002001249816911610e+01
8.971386674420227791e+01 8.295049302901037436e+01 -2.017369026967127610e+01
8.987501613575602732e+01 8.306743497420136180e+01 -2.032722074557859671e+01
9.003577590128730890e+01 8.318412817337500087e+01 -2.048059822126185381e+01
8.867007340012823136e+01 8.207999928053543215e+01 -1.855083300794031587e+01
8.935994831251689163e+01 8.249746520829307883e+01 -1.857717850461941822e+01
9.005175010412988001e+01 8.289835691844700705e+01 -1.858714999624965003e+01
9.074175720501612830e+01 8.329553629972242845e+01 -1.857811042284179237e+01
9.140090506772033052e+01 8.373976232505650330e+01 -1.854367546552887092e+01
9.205272260358962910e+01 8.417972798593665118e+01 -1.849055876624791495e+01
9.270501820349814182e+01 8.461763999502912270e+01 -1.842310860923572591e+01
9.333832103644331823e+01 8.508068114157110529e+01 -1.837609845275032328e+01
9.396221214660540966e+01 8.555700354416590869e+01 -1.835153336555515224e+01
9.457872308093310210e+01 8.603268688014576071e+01 -1.835161757833899188e+01
9.518586225741297824e+01 8.651883053379415855e+01 -1.837283879693932320e+01
9.578399905272051740e+01 8.701605016436742801e+01 -1.841263867431860035e+01
9.637783264424091101e+01 8.751522229784548301e+01 -1.847038682124269826e+01
8.620827318676901996e+01 8.176013099720209709e+01 -2.531136759384378720e+01
8.645017864929104690e+01 8.194433360526842591e+01 -2.550460048946029445e+01
8.670153794611846365e+01 8.211937567480268285e+01 -2.569789753421417444e+01
8.695500239755575933e+01 8.229022814859057178e+01 -2.589153005801620111e+01
8.720886623768707580e+01 8.246150882009013117e+01 -2.608636473957962210e+01
8.745670486247122710e+01 8.263114547673502841e+01 -2.629023649375602645e+01
8.769832268353098925e+01 8.279895059009976421e+01 -2.650268168376037181e+01
8.793362861200985492e+01 8.296481014767486784e+01 -2.672333386096505237e+01
8.814427065635507574e+01 8.314842366840694865e+01 -2.694803961016986449e+01
8.834681954877710552e+01 8.332855443974970910e+01 -2.718015087299702515e+01
8.854119479040443252e+01 8.350462465825252423e+01 -2.741978763225510107e+01
9.446188340058175470e+01 8.874899631677791945e+01 -3.124403752919636190e+01
9.457180240858158982e+01 8.888275534175629389e+01 -3.141668166871113499e+01
9.468085364203137999e+01 8.901790723069088074e+01 -3.158989916036581036e+01
9.478520767519025014e+01 8.915910443251422635e+01 -3.176145178501402100e+01
9.488960327734211830e+01 8.930033103158577035e+01 -3.193298927674960908e+01
9.499403260731465082e+01 8.944157600783589146e+01 -3.210449746886028777e+01
9.510207332925396884e+01 8.957967654756983222e+01 -3.227722321531251026e+01
9.521252086165280559e+01 8.971497045411739180e+01 -3.245092272791018218e+01
9.532305812534347922e+01 8.985037754002644306e+01 -3.262477413291784956e+01
9.543368117636782699e+01 8.998589191043014068e+01 -3.279876771487761289e+01
9.554438605011817742e+01 9.012150789147563046e+01 -3.297289453930602576e+01
9.565711759029785810e+01 9.025888548853475868e+01 -3.314782762735050881e+01
9.576899410273063040e+01 9.039543622407842349e+01 -3.332214428434503617e+01
9.479801547659829453e+01 8.901354596194822477e+01 -3.119269949464803204e+01
9.524735310801152366e+01 8.941054099619185536e+01 -3.130052492599959990e+01
9.571643593865765354e+01 8.978710411351869425e+01 -3.139944956562039735e+01
9.619834933471905458e+01 9.016935333361121252e+01 -3.148604314984425656e+01
9.669176369719112074e+01 9.053326842342046632e+01 -3.156265512058694966e+01
9.724154953902043985e+01 9.084865379542596031e+01 -3.164141366945653999e+01
9.778042069055166507e+01 9.115534833773432410e+01 -3.170504764148149590e+01
9.836480524990426488e+01 9.128532158871408342e+01 -3.177438226474683347e+01
9.889149475091139152e+01 9.138034573634634228e+01 -3.184575695308119236e+01
9.934082073110951683e+01 9.124729506523156886e+01 -3.191684292469913231e+01
9.959008330929232500e+01 9.112854279496255572e+01 -3.193624805885050577e+01
9.982678991902108123e+01 9.101370008261712030e+01 -3.197026909992360544e+01
1.000524245302081141e+02 9.090351860775558634e+01 -3.201652687918004858e+01
9.030836499640381021e+01 8.342104056742573448e+01 -2.099127826745466763e+01
9.057075024154198672e+01 8.366695558632723362e+01 -2.149978059386478790e+01
9.082534137362863191e+01 8.392531089156798885e+01 -2.200638697399290677e+01
9.108003532218114628e+01 8.418379374728533548e+01 -2.251333689874758193e+01
9.133306870173477421e+01 8.444114243405954312e+01 -2.302028033843740218e+01
9.159556439308701670e+01 8.470349465347509010e+01 -2.351852617877820251e+01
9.186329310479732158e+01 8.497615287951570906e+01 -2.400672836592945458e+01
9.212738068160869886e+01 8.527361439642076846e+01 -2.448077018315131781e+01
9.032139165407117787e+01 8.336921519429083105e+01 -2.061036471817759619e+01
9.059877846024765802e+01 8.355890817879453891e+01 -2.073856031760346141e+01
9.087020324631815527e+01 8.376367752060772887e+01 -2.085566074228126254e+01
9.114349247484892658e+01 8.396889207242790576e+01 -2.096781103530329204e+01
9.142064447737790545e+01 8.417539046659851465e+01 -2.107186913661507432e+01
9.169989058672258864e+01 8.438218781456954787e+01 -2.116916362513487826e+01
9.198069128626471525e+01 8.459012447740511220e+01 -2.125757337674054526e+01
9.226347339500217970e+01 8.479830849027304396e+01 -2.133866079360563361e+01
9.254221310531470124e+01 8.501120715861119947e+01 -2.140985631310378778e+01
9.281793318982369101e+01 8.523097802928316469e+01 -2.147250254824970739e+01
9.309516822801124647e+01 8.545080630198069116e+01 -2.152895015513773558e+01
9.337417505264538420e+01 8.567066079508880705e+01 -2.157791552510354904e+01
9.365460006617055910e+01 8.589039292385993463e+01 -2.162007640403221131e+01
1.022976680738482287e+02 9.094423102965870953e+01 -2.391406895488849926e+01
1.025839236146820639e+02 9.082681900299091637e+01 -2.342750201826065748e+01
1.028562040415868779e+02 9.069941576996686194e+01 -2.292965468366458026e+01
1.031246995162960616e+02 9.057867853314154161e+01 -2.242353737391659507e+01
1.033893677571667666e+02 9.046416327195531437e+01 -2.190958883567907378e+01
1.036501430204512673e+02 9.035539103286140517e+01 -2.138809370398774945e+01
1.021902130105081028e+02 9.094111574447379098e+01 -2.431036442713715573e+01
1.023311622334992848e+02 9.085806618482490649e+01 -2.421519915050779304e+01
1.024567774106297691e+02 9.076250489301510527e+01 -2.412312485909193072e+01
1.025834805188647323e+02 9.066439692842183717e+01 -2.403668376673441998e+01
1.027119380569752991e+02 9.056375025209952412e+01 -2.395346081178660569e+01
1.028421497914067544e+02 9.046100187198825893e+01 -2.387182205064260287e+01
1.029727755959631992e+02 9.035623419795764732e+01 -2.379625527398313878e+01
1.031042373694040606e+02 9.024938005255248186e+01 -2.372550188170308516e+01
1.032366828099855240e+02 9.014061231803812291e+01 -2.365838656205921708e+01
1.033701081191097018e+02 9.003018674411366362e+01 -2.359396618928845868e+01
1.034769182400850269e+02 8.989732060313266970e+01 -2.352795399450830516e+01
1.035747026971503288e+02 8.975493366133498796e+01 -2.346389952124385658e+01
1.036727739178019618e+02 8.961038222134642695e+01 -2.340362799568197261e+01
8.548579281157199716e+01 8.332617984896454288e+01 -3.599884529328926419e+01
8.531313887481545066e+01 8.332801857683216440e+01 -3.647741596315390922e+01
8.513801544322575410e+01 8.333298100504339345e+01 -3.695559522347116399e+01
8.496461083189656449e+01 8.333235107507778139e+01 -3.743556995229662476e+01
8.479119832607537433e+01 8.333079824035883121e+01 -3.791583723318333909e+01
8.460754263131285313e+01 8.334534876935674674e+01 -3.839029244486220449e+01
8.442389288173343687e+01 8.337043804324308383e+01 -3.886283515694623247e+01
8.423974137937216256e+01 8.339535978406011907e+01 -3.933584330958345276e+01
8.405358482450442636e+01 8.342968169814447776e+01 -3.980607311308244789e+01
8.386458035226240781e+01 8.346887976164154566e+01 -4.027494236590111854e+01
8.367586396329650711e+01 8.351236710527304297e+01 -4.074256315079115609e+01
8.572802811523740729e+01 8.349737580916449531e+01 -3.598059454133971258e+01
8.581161693914528144e+01 8.366394806898651382e+01 -3.643898833320832864e+01
8.590688214770300135e+01 8.383783156598620678e+01 -3.689243520523903186e+01
8.600992540968519506e+01 8.401658059812294255e+01 -3.734256627315836852e+01
8.612107729846140103e+01 8.419995921040636233e+01 -3.778732670716682662e+01
8.624157290267520182e+01 8.438889565167438889e+01 -3.822686280470382769e+01
8.636118578356267506e+01 8.459812300323412160e+01 -3.865680739046576520e+01
8.647980400706647686e+01 8.482201106569033300e+01 -3.907905288498796637e+01
8.660493722231090885e+01 8.505461985787063384e+01 -3.949502580421626163e+01
8.673957607828188543e+01 8.529043525188460251e+01 -3.990582748641126187e+01
8.688097068848729521e+01 8.552970628680418486e+01 -4.031198130448372297e+01
8.703015786233518725e+01 8.577311153742473948e+01 -4.071322095724546131e+01
8.718728862320644168e+01 8.602065026663677827e+01 -4.110920736994856384e+01
8.889245673805659465e+01 8.559971543148628825e+01 -3.543390938574067661e+01
8.906866371487635092e+01 8.588389836103925745e+01 -3.595866856519840127e+01
8.925076920273720305e+01 8.616515833050173967e+01 -3.648473999622977004e+01
8.943362762113335407e+01 8.644440066009194368e+01 -3.701154440361688103e+01
8.960546362467394488e+01 8.673501031966814878e+01 -3.753474075507169516e+01
8.977482902196460657e+01 8.702974949082830847e+01 -3.805753718302846522e+01
8.994259942795484619e+01 8.732305684572111204e+01 -3.857986459710834737e+01
9.011574651196869468e+01 8.763560356191415224e+01 -3.908830028857471461e+01
9.029272683447835846e+01 8.796828222384989715e+01 -3.958188774284312927e+01
9.048142709521486893e+01 8.831093061111921827e+01 -4.006398895033928653e+01
9.068201619648974088e+01 8.865952473180649918e+01 -4.053546556311081872e+01
9.089272588275949261e+01 8.901550856549722823e+01 -4.099663485853069744e+01
9.111185552894694695e+01 8.938120731258743490e+01 -4.144760004006304399e+01
9.033284413846833161e+01 8.549365208849205544e+01 -3.128204429018675725e+01
9.026885470159631097e+01 8.560365861433129453e+01 -3.189257060540769473e+01
9.019772050898194493e+01 8.572370014325761645e+01 -3.250078402897650420e+01
9.012677009279984475e+01 8.584392588683414260e+01 -3.310918400005584772e+01
9.006612272322890078e+01 8.597125454275631284e+01 -3.371657539644833435e+01
9.061346212720755489e+01 8.566350679877194807e+01 -3.113331452822197321e+01
9.084841415179019464e+01 8.594138785492366139e+01 -3.158709045393625914e+01
9.107747270672432194e+01 8.624926825701048472e+01 -3.202378356024095041e+01
9.131476853980544206e+01 8.656119480785854137e+01 -3.245276007689455611e+01
9.155987731031487442e+01 8.687648875467334619e+01 -3.287284967966346727e+01
9.181495864352572767e+01 8.719667264329984846e+01 -3.328356850137151923e+01
9.206479992789927280e+01 8.753344724348114880e+01 -3.368197017635204560e+01
9.232655805828866846e+01 8.787109035237529042e+01 -3.407246391999848356e+01
9.259495071331487281e+01 8.821164584919429785e+01 -3.445595899559437925e+01
9.286703940063082996e+01 8.855537926604412746e+01 -3.483264874973531988e+01
9.312434820715526484e+01 8.889871012388636018e+01 -3.521853047545375404e+01
9.337257588836465061e+01 8.923490001594899468e+01 -3.561723680727030938e+01
9.361061458249642442e+01 8.956332919329531705e+01 -3.602829806797496559e+01
3.633851420888512251e+01 8.118147072748820392e+01 -7.057469868252638889e+00
3.616779283620173402e+01 8.098512247283841248e+01 -7.026948822101150682e+00
3.599365729191857355e+01 8.078429190530668791e+01 -6.996241732868287322e+00
3.584306799169792868e+01 8.054310830326465975e+01 -6.934790300929947193e+00
3.575460979415883145e+01 8.029434171934880737e+01 -6.820632377359967080e+00
3.563241893119900539e+01 8.004252337143186935e+01 -6.728509426463909371e+00
3.549822326962131314e+01 7.979047300081249716e+01 -6.640864137155304547e+00
3.536116366077978768e+01 7.953425679459701314e+01 -6.550843846463376252e+00
3.524365281455180110e+01 7.932544980493646847e+01 -6.469145234201443273e+00
3.512107340712201875e+01 7.910699486723001428e+01 -6.384189498493562986e+00
3.499357638471226295e+01 7.887924667957221914e+01 -6.296045624518656680e+00
3.486131897701498872e+01 7.864255769804273655e+01 -6.204792540885869734e+00
3.474749115255791310e+01 7.838812132785605513e+01 -6.094022488534256432e+00
3.621478364940761452e+01 8.128169976938968944e+01 -6.850132578295665908e+00
3.592085713726967811e+01 8.120516639049122887e+01 -6.597872371300864458e+00
3.562425244896112986e+01 8.114375718202776966e+01 -6.331231078187424366e+00
3.532547548505642965e+01 8.109776706349479980e+01 -6.050518258214252931e+00
3.502513612226826467e+01 8.106761868232598545e+01 -5.756055839772568739e+00
3.474762307205791956e+01 8.096886217940962638e+01 -5.404104356765415673e+00
3.447722016759053787e+01 8.089241494032910396e+01 -5.032321880554675886e+00
3.420069124810049033e+01 8.084131893550519976e+01 -4.651213067623451991e+00
3.391816659599424355e+01 8.081269863712280710e+01 -4.261054208658194398e+00
3.365272435129699602e+01 8.098130863854024142e+01 -3.887963386698977342e+00
3.335164075073882373e+01 8.107651266025423809e+01 -3.467981350913370342e+00
3.304550771483862093e+01 8.118590966629889749e+01 -3.040535607829785825e+00
3.273457464316403076e+01 8.130878925067783314e+01 -2.605995115054129396e+00
9.689939692911556790e+01 8.791752060446533790e+01 -1.833432712636694006e+01
9.742354606923294114e+01 8.831867854214831937e+01 -1.819842971976678214e+01
9.794782149006205429e+01 8.872192542888454625e+01 -1.806218156754816562e+01
9.847638007303831387e+01 8.912881237933223133e+01 -1.792677049029800784e+01
9.902479098103515298e+01 8.951659999533254108e+01 -1.779474839556420562e+01
9.958254611461484274e+01 8.989187346885361762e+01 -1.766476988398985526e+01
1.001506972707683474e+02 9.027480381646154228e+01 -1.753735597992894313e+01
1.007402636899051629e+02 9.063362818102785923e+01 -1.741251186922198713e+01
1.013676405138262311e+02 9.090827459741113614e+01 -1.727761336940027803e+01
1.019859717423188386e+02 9.117353120637237396e+01 -1.712582848943524994e+01
1.026114741567790247e+02 9.142357628460344188e+01 -1.694763461968638296e+01
1.032223464127988848e+02 9.130497248029446666e+01 -1.672836669093345208e+01
1.037445148424752404e+02 9.118448108031154220e+01 -1.648336491840695928e+01
9.668418503794117669e+01 8.779774935207396425e+01 -1.864069377724900178e+01
9.698729624984014208e+01 8.807541395096848191e+01 -1.882369658082287600e+01
9.728649953509882664e+01 8.835187017933540687e+01 -1.901600523393215525e+01
9.757972024673331646e+01 8.862704834768045714e+01 -1.921990308064172837e+01
9.787008131069478623e+01 8.890147330515961244e+01 -1.943270376972839131e+01
9.815501099641721794e+01 8.917321914449031794e+01 -1.965536981175907982e+01
9.845295380142098907e+01 8.943209434070166708e+01 -1.988977940996554494e+01
9.875500690159920225e+01 8.968509584824103342e+01 -2.013391610085558625e+01
9.905095330076069615e+01 8.993478612934228522e+01 -2.038652701865499139e+01
9.934041331109392559e+01 9.018027009110556946e+01 -2.064848290577238643e+01
9.962358394655581151e+01 9.042253187418047844e+01 -2.091844521296484061e+01
9.994142259026983766e+01 9.061638344184595439e+01 -2.120641713343403012e+01
9.441533835099777150e+01 8.541608473399170975e+01 -1.539370496678080968e+01
9.493578246049673908e+01 8.584851062773397246e+01 -1.563352040198017967e+01
9.545089273615289471e+01 8.628880947333109930e+01 -1.587252001974717608e+01
9.595619356090926999e+01 8.674294085263738907e+01 -1.610949475451279511e+01
9.646401596962932956e+01 8.720009645249207608e+01 -1.632701153877479783e+01
9.410432001651780354e+01 8.513658912088193631e+01 -1.508658740973428714e+01
9.431273765935169706e+01 8.528871171044262667e+01 -1.501905346742650771e+01
9.451982222126595445e+01 8.543879341688274565e+01 -1.494365235260488589e+01
9.472577858382648230e+01 8.558712179526122554e+01 -1.486139026527645157e+01
9.493096854011299968e+01 8.573423162243120998e+01 -1.477425380225351681e+01
9.513264946014270151e+01 8.588192439775146170e+01 -1.468168243869612155e+01
9.533043393544889454e+01 8.603076230366683319e+01 -1.458221831192411777e+01
9.552640018074629324e+01 8.617836312231851537e+01 -1.447732382926414374e+01
9.572096408850778460e+01 8.632497668421767401e+01 -1.436798557174309821e+01
9.591378169949970811e+01 8.646940265060288766e+01 -1.425258233520404971e+01
9.610498590926823681e+01 8.661184374041165768e+01 -1.413186862510102593e+01
9.629472079488672875e+01 8.675250460431422539e+01 -1.400654016698267412e+01
9.648322217681412383e+01 8.689159151638182266e+01 -1.387669540198404050e+01
9.150964302411388474e+01 8.290309599821000575e+01 -1.235849555017087731e+01
9.172958434441220277e+01 8.303403889035854490e+01 -1.220514955313131011e+01
9.194932334647612038e+01 8.316485420822311880e+01 -1.205189134476877477e+01
9.217044004518616873e+01 8.329651387093221615e+01 -1.189785302300017023e+01
9.239166075153600843e+01 8.342823724562222765e+01 -1.174375557659101510e+01
9.260657388741736895e+01 8.356681486776732015e+01 -1.158900989857280095e+01
9.282208810647226471e+01 8.370634828460538301e+01 -1.143358496987507245e+01
9.303758640027045601e+01 8.384587061247270867e+01 -1.127816529185152739e+01
9.325305926364185893e+01 8.398537559169049871e+01 -1.112275687343692887e+01
9.346849773489593360e+01 8.412485733140898958e+01 -1.096736546744993746e+01
9.368389335791999883e+01 8.426431028014748392e+01 -1.081199655850890551e+01
9.389637777387915207e+01 8.440607562348496629e+01 -1.065623528584624502e+01
9.410796370652050769e+01 8.454926469978053660e+01 -1.050027485722050180e+01
9.140031308286927469e+01 8.281440324695091704e+01 -1.225821453507097658e+01
9.150487925997140337e+01 8.285205146893396488e+01 -1.200130249323747655e+01
9.160430952454647979e+01 8.288567389682521025e+01 -1.174073151618311250e+01
9.169951709740131207e+01 8.291611698402374486e+01 -1.147812903832431530e+01
9.178983848426831571e+01 8.294290582416512336e+01 -1.121336020026212843e+01
9.187491440601355919e+01 8.296579747655671611e+01 -1.094645830906626571e+01
9.195576206354184023e+01 8.298556096584187003e+01 -1.067793633086773042e+01
9.203198860510885027e+01 8.300192511931879835e+01 -1.040778932611510577e+01
9.210332901945059803e+01 8.301471555014316550e+01 -1.013607784005489698e+01
9.216747299800714188e+01 8.302750913707312463e+01 -9.862869790563067340e+00
9.222704970683308545e+01 8.303718337456530207e+01 -9.588409980037724267e+00
9.228204934424080363e+01 8.304333986153578451e+01 -9.312810354360683718e+00
9.233298032431405034e+01 8.304638043131271274e+01 -9.036286336267595587e+00
