7.094530000000000314e+01 7.563710000000000377e+01 0.000000000000000000e+00
7.069757229661273357e+01 7.558170933270515945e+01 -4.172422254258609242e-01
7.018344076033075396e+01 7.546681310604012083e+01 -8.831592897764533046e-01
6.966888182778308192e+01 7.535182136429520483e+01 -1.349477345230168934e+00
6.915432679789458348e+01 7.523683070913853044e+01 -1.814416905697693316e+00
6.864150089228444074e+01 7.511267820987495725e+01 -2.279665499566620124e+00
6.812927965858810353e+01 7.498380156585439238e+01 -2.745292123371984694e+00
6.761553518686802988e+01 7.485957765331286851e+01 -3.211338679127012430e+00
6.710139329405832598e+01 7.473525757612522114e+01 -3.677752395479990000e+00
6.656616896868659694e+01 7.462512451091456001e+01 -4.156591065814628116e+00
6.603182925213853594e+01 7.452380146148067297e+01 -4.633456620697146811e+00
6.550131324259490384e+01 7.440829793181808327e+01 -5.109238146686887028e+00
6.493490272964666588e+01 7.430023729299149693e+01 -5.594130638708875836e+00
6.438309522618357050e+01 7.433185499893065185e+01 -6.059537517511078164e+00
6.383780826398963626e+01 7.436372237045347333e+01 -6.524369807755268980e+00
7.062457946760038396e+01 7.556536117281601150e+01 -7.141607614135303539e-01
7.055152061612152181e+01 7.554899823020134875e+01 -1.011320377263856152e+00
7.048435124591114231e+01 7.553395038327143141e+01 -1.309964826395059179e+00
7.042156418744129098e+01 7.551988107759358115e+01 -1.609778235607288277e+00
7.036172381025356515e+01 7.550646973772867909e+01 -1.910433087920668127e+00
7.030715447441686194e+01 7.549423542450377056e+01 -2.212250701861054658e+00
7.025693240183656485e+01 7.548297185933178355e+01 -2.515017000446639450e+00
7.021023979750405886e+01 7.547249642772956690e+01 -2.818553992283962639e+00
7.016847491744573517e+01 7.546312139274172637e+01 -3.122967186835721165e+00
7.013100727430466463e+01 7.545470596692510412e+01 -3.428112659714674049e+00
7.009726497170046855e+01 7.544712244429368297e+01 -3.733871866427024511e+00
7.006707167603808273e+01 7.543931125495372214e+01 -4.041787253477282071e+00
7.004199080193093607e+01 7.542909328316238771e+01 -4.350140067754771245e+00
7.017520989440700419e+01 7.545405765343848259e+01 -4.936742269000816918e+00
7.030861753129254055e+01 7.547906562848632461e+01 -5.523546815492198725e+00
7.044221264349459943e+01 7.550411713292399440e+01 -6.110539515853070647e+00
7.057599406422507116e+01 7.552921205974335805e+01 -6.697706759368974083e+00
7.070996068829600745e+01 7.555435031015389313e+01 -7.285035458986395263e+00
7.084411148821538973e+01 7.557953179784387032e+01 -7.872513027700713373e+00
7.097585977231801735e+01 7.561528968665719219e+01 -8.459650461538201327e+00
7.110974643478132862e+01 7.565413488448561452e+01 -9.046639477022576870e+00
7.124366544915555721e+01 7.569299004572270917e+01 -9.633826928938436396e+00
7.137762188101859806e+01 7.573185631200857415e+01 -1.022120284551635194e+01
7.151161952734209137e+01 7.577073452009830135e+01 -1.080875789082498528e+01
7.164566127832232212e+01 7.580962528965666536e+01 -1.139648326539169254e+01
7.177021333296062267e+01 7.584645063049111968e+01 -1.199434997156885707e+01
6.994343863479080881e+01 7.540144516986403289e+01 -4.612915962382118096e+00
6.984492844195104055e+01 7.537380703240707192e+01 -4.875716531669279874e+00
6.974149536008123107e+01 7.534498887921816390e+01 -5.136383271683843788e+00
6.963466019498700632e+01 7.531535560038517474e+01 -5.395548572277256483e+00
6.952300253125349627e+01 7.528456901477349561e+01 -5.652422783991433164e+00
6.940726786111613933e+01 7.525280825453717171e+01 -5.907295815157715069e+00
6.928828579263253573e+01 7.522027226469501215e+01 -6.160520573721020021e+00
6.916522349357344979e+01 7.518721815321966062e+01 -6.411430253216000352e+00
6.903801199332711747e+01 7.515509356574473543e+01 -6.660356078038478955e+00
6.890760028412429961e+01 7.512224254292311798e+01 -6.907549480117006979e+00
6.877187623164078900e+01 7.509696474778191089e+01 -7.152252495454675341e+00
6.863261153060484787e+01 7.507183507902625763e+01 -7.394936060468475958e+00
6.849040276006829231e+01 7.504609905269975911e+01 -7.635791759956734204e+00
6.297043380290896408e+01 7.448752733329862963e+01 -6.886997470741980543e+00
6.212702169804236263e+01 7.466264128237513376e+01 -7.238862079297903485e+00
6.128519739617180306e+01 7.483761491527957332e+01 -7.591228725963730106e+00
6.045352965012771307e+01 7.506071738591489861e+01 -7.936647049981502278e+00
5.962668529412744078e+01 7.530932609748161610e+01 -8.278054249960227651e+00
5.881026074053752950e+01 7.555732770889883909e+01 -8.624143196150152235e+00
5.799057540096966079e+01 7.579622428218736729e+01 -8.972418710868540259e+00
5.717715662072289717e+01 7.606511520587470443e+01 -9.316863790760171682e+00
5.636196793122902449e+01 7.632197171902200239e+01 -9.669951649916182390e+00
5.554632019324692749e+01 7.656884158365259907e+01 -1.002318436066334151e+01
5.473868109600895338e+01 7.684948364319158998e+01 -1.037262000962875952e+01
5.392411587317990751e+01 7.709775726534196849e+01 -1.072951620855743649e+01
5.312429918618644820e+01 7.738709857986243890e+01 -1.108043629718071443e+01
6.360257534994835993e+01 7.439937767009102743e+01 -6.898004869775553161e+00
6.337096423192075889e+01 7.448922177910291964e+01 -7.263527129841930829e+00
6.314878108128428380e+01 7.458385408115225346e+01 -7.632690397187204212e+00
6.293379663738833329e+01 7.467432246440644406e+01 -8.005901783854879383e+00
6.272773178656655801e+01 7.475927969086752967e+01 -8.383865657336217581e+00
6.252976693900346561e+01 7.484360915082395138e+01 -8.765225438489743226e+00
6.233305145840260764e+01 7.492827364366110032e+01 -9.150015910154756682e+00
6.214393846571622504e+01 7.501238925090332543e+01 -9.538265121413642689e+00
6.195798725056421574e+01 7.507626136850552712e+01 -9.932923181495556975e+00
6.177789816643985432e+01 7.513947865178222685e+01 -1.032957892343716289e+01
6.161239898479910693e+01 7.524247203948694107e+01 -1.072278852551450079e+01
6.145275336282603007e+01 7.534453388386799588e+01 -1.111870422913717071e+01
6.129834814627628248e+01 7.544575312501672215e+01 -1.151698964165427164e+01
5.295468029065106919e+01 7.746363587941425521e+01 -1.123176670018810341e+01
5.278495739359343730e+01 7.754022248090008418e+01 -1.138320763449245554e+01
5.261514105352519266e+01 7.761685366175935030e+01 -1.153474999228100906e+01
5.276379841564120454e+01 7.751142308500598688e+01 -1.111538549128261089e+01
5.240249837067566574e+01 7.763538238689278614e+01 -1.114562091206847505e+01
6.107422074119491384e+01 7.554546991184558635e+01 -1.180584533012217285e+01
6.084282240435964439e+01 7.562768518438583953e+01 -1.210180779833559583e+01
6.060871482006292155e+01 7.569245162038647834e+01 -1.239970365579402589e+01
6.037485808315886260e+01 7.575714846097656618e+01 -1.269727836065199256e+01
6.014125250669013667e+01 7.582177552542532339e+01 -1.299453058419068441e+01
5.992146026180147089e+01 7.591720390727671486e+01 -1.328482456547103929e+01
6.806328324083797554e+01 7.496529082899354535e+01 -8.008502686764632728e+00
6.763710102169461891e+01 7.488869342853340072e+01 -8.380206841529920681e+00
6.721243522613156074e+01 7.481238003494364364e+01 -8.751100114507577743e+00
6.678331312783068086e+01 7.478548929459309136e+01 -9.118604917328530846e+00
6.635427256475657032e+01 7.479359596728670567e+01 -9.482749143692229765e+00
6.593039891544239595e+01 7.480182606633668740e+01 -9.845254020782858717e+00
6.551164342410712038e+01 7.481017899441602026e+01 -1.020614206548819780e+01
6.508808314591520627e+01 7.482728807626398293e+01 -1.057712001762200593e+01
6.467051837786441126e+01 7.486938753683807590e+01 -1.095301884178461904e+01
6.426747013675885967e+01 7.498125793996074151e+01 -1.132679195409653161e+01
6.387471377929584548e+01 7.509271355542355764e+01 -1.170745693838612667e+01
6.348886419219767419e+01 7.518739656882986822e+01 -1.210073761496075662e+01
6.310936755309245427e+01 7.526118618591756615e+01 -1.250356625515695796e+01
6.839016370611200557e+01 7.503076595121484615e+01 -8.023658914993797353e+00
6.829682950622547821e+01 7.502089500614083306e+01 -8.413296823675706193e+00
6.820902386901167347e+01 7.501215260215097658e+01 -8.804135501158034671e+00
6.812850763118264297e+01 7.500489579755146963e+01 -9.196451137222007688e+00
6.804735188004346469e+01 7.499761382177167945e+01 -9.593332338963737271e+00
6.797334371329777980e+01 7.499177594749841091e+01 -9.991099419599263953e+00
6.790356224895667481e+01 7.499803075905332150e+01 -1.038889814109951892e+01
6.783942871192688528e+01 7.500831114697881219e+01 -1.078756637492309700e+01
6.778086976165656097e+01 7.501948914860537343e+01 -1.118708276964289361e+01
6.772813886134436245e+01 7.503160108335980283e+01 -1.158739684064338960e+01
6.768215186649767645e+01 7.506080797915083735e+01 -1.198680796780725721e+01
7.172349826242445658e+01 7.584162661949741846e+01 -1.256542016835438424e+01
7.167753397923836189e+01 7.583697598776812754e+01 -1.313568358441313144e+01
7.163232689798685726e+01 7.583250027588574937e+01 -1.370513850263881928e+01
7.158788337932114132e+01 7.582820101371035548e+01 -1.427378341518247495e+01
7.154420966263032255e+01 7.582407970384791440e+01 -1.484161700991424304e+01
7.150131186003339678e+01 7.582013782008678504e+01 -1.540863816149513710e+01
7.145736924120845401e+01 7.582583056079157302e+01 -1.597433887531248509e+01
7.140727251422848099e+01 7.586726801376310902e+01 -1.653742223344205087e+01
7.135830519696347096e+01 7.590880686452858583e+01 -1.709968203131252551e+01
7.131046762118971571e+01 7.595044744204477638e+01 -1.766112145637372066e+01
7.126376116553458928e+01 7.599219024365361008e+01 -1.822174378555529373e+01
7.121818793119216195e+01 7.603403588320058759e+01 -1.878155236075044243e+01
7.117375052633295240e+01 7.607598505652373433e+01 -1.934055057229550911e+01
7.192376722463947658e+01 7.588712020351339049e+01 -1.228431814490858009e+01
7.207741326540860882e+01 7.592781155188755804e+01 -1.257423056101002068e+01
7.223590851293192827e+01 7.596964792320486026e+01 -1.286113267186955689e+01
7.239726990783941574e+01 7.601216067225263373e+01 -1.314622114376563111e+01
7.256334001293086544e+01 7.605578338660390614e+01 -1.342822209199792383e+01
7.273296674899125946e+01 7.610024384573947032e+01 -1.370783456218957852e+01
7.291549591845816281e+01 7.614775919001314719e+01 -1.398016122159154051e+01
7.310138079674472067e+01 7.619605940880572348e+01 -1.424975012082466108e+01
7.329117390294571521e+01 7.624530282386885460e+01 -1.451607816023807018e+01
7.348438708051966728e+01 7.629540987461761858e+01 -1.477943368322769757e+01
7.368149300617427855e+01 7.634643737903584793e+01 -1.503935759290601304e+01
7.388200724473584557e+01 7.639826944527347052e+01 -1.529614495576741717e+01
7.408414615420315386e+01 7.645413935937459371e+01 -1.555015705191729403e+01
6.287372713465826024e+01 7.533520514859965544e+01 -1.301533932465425636e+01
6.265229543737193296e+01 7.545475560771120627e+01 -1.351840535056613213e+01
6.243072659872524355e+01 7.558738874680412323e+01 -1.402509984578071389e+01
6.220138544353353893e+01 7.567317157208823630e+01 -1.453769739727221122e+01
6.197225743459437552e+01 7.575890532369538732e+01 -1.505012151880657179e+01
6.175351781340449975e+01 7.584351990987433112e+01 -1.556667178190375722e+01
6.154556004024565397e+01 7.593505725610536672e+01 -1.608539618612329747e+01
6.134921743395879190e+01 7.604240877917317221e+01 -1.660555327297159778e+01
6.116267792940763570e+01 7.616153480075135462e+01 -1.712674895268600039e+01
6.098290239843977645e+01 7.627973513813986983e+01 -1.765023374801138800e+01
6.080914600805336789e+01 7.639709696752161960e+01 -1.817566345284841489e+01
6.275981821877923750e+01 7.531133299200209308e+01 -1.270927550430956110e+01
7.081217324360706300e+01 7.610180887356786172e+01 -2.021198341981906310e+01
7.126967466708620691e+01 7.612686068504469006e+01 -1.975506989435374194e+01
7.134889431493066070e+01 7.617696191444750298e+01 -2.018446280362939049e+01
7.143701254291090663e+01 7.622903668983349235e+01 -2.061100714482520502e+01
7.153160001029914383e+01 7.628184381650177670e+01 -2.103533775819042617e+01
7.163066509109222579e+01 7.633513818201713264e+01 -2.145792299784189794e+01
7.173310598107035219e+01 7.638878593775172021e+01 -2.187904097275533744e+01
7.183826888658290954e+01 7.644270841366137859e+01 -2.229886488439550973e+01
7.194573028470011877e+01 7.649685505488720594e+01 -2.271751134709117537e+01
7.205519656580980836e+01 7.655119106739016388e+01 -2.313506395323907228e+01
7.216645362479147252e+01 7.660569125243695510e+01 -2.355158554384094671e+01
7.227808863718873056e+01 7.666892205464911569e+01 -2.396249005236153096e+01
7.239212655810077024e+01 7.675331005562833298e+01 -2.436843960318410751e+01
7.250757885065377195e+01 7.683775113659724809e+01 -2.477348071338185775e+01
7.427178276871921980e+01 7.651309671633246978e+01 -1.600660373974936235e+01
7.445374416051376443e+01 7.659188454822069048e+01 -1.646209321448329632e+01
7.463541814675409114e+01 7.667057004519593022e+01 -1.691725787018719274e+01
7.481680431195454162e+01 7.674915310206169750e+01 -1.737209800019250139e+01
7.499719604014659069e+01 7.682741974582181399e+01 -1.782699739486370660e+01
7.517726477372487182e+01 7.690511045802500689e+01 -1.828168421738967453e+01
7.449808014476981555e+01 7.657530991086562722e+01 -1.582383050396422597e+01
7.491450574933901407e+01 7.670582421370596649e+01 -1.608824557150035162e+01
7.533388983980663056e+01 7.684292321414683613e+01 -1.634395778016087064e+01
7.575925296182124669e+01 7.698136578148279341e+01 -1.659240993237656525e+01
7.618801412753693114e+01 7.712045489948557986e+01 -1.683464710800052799e+01
7.662033140906014239e+01 7.726020797625086800e+01 -1.707015408087676889e+01
7.705032325540636862e+01 7.741279172330561664e+01 -1.729830946112435797e+01
7.748357512808846081e+01 7.757046756873030802e+01 -1.751796581456344271e+01
7.792242523151973899e+01 7.772425780134852857e+01 -1.773248217502935731e+01
7.836370708046896993e+01 7.787850124636915439e+01 -1.794164967949938116e+01
7.880702462169540468e+01 7.803311654609034065e+01 -1.814621586825216326e+01
7.925206829057533753e+01 7.818804140616931875e+01 -1.834678628562620872e+01
7.968825237140693218e+01 7.836166135863913951e+01 -1.854324916203819029e+01
7.280495975406476816e+01 7.695594784794357679e+01 -2.522274969230203823e+01
7.310283279044038807e+01 7.707414037288010888e+01 -2.567156705501833969e+01
7.340119899655691427e+01 7.719232868926449953e+01 -2.611993177041598813e+01
7.370005920424372903e+01 7.731051277546070821e+01 -2.656784298805371591e+01
7.399941417979147218e+01 7.742869261499592426e+01 -2.701529994518415023e+01
7.429926464123596475e+01 7.754686819684236809e+01 -2.746230195345765424e+01
7.458413012154278476e+01 7.767840623609454553e+01 -2.791950561492101812e+01
7.486910964536416202e+01 7.781229017266257131e+01 -2.837562995587874326e+01
7.515462716136865140e+01 7.794621262278046459e+01 -2.883115205379412060e+01
7.544066178966617997e+01 7.808017047997385873e+01 -2.928608427333514896e+01
7.572719774551620731e+01 7.821416134228415729e+01 -2.974043559627438782e+01
7.601422292759147581e+01 7.834818332072795499e+01 -3.019421258382205764e+01
7.630430782296068060e+01 7.848261521965844167e+01 -3.064586826012196141e+01
7.250367392420984913e+01 7.687764139898295923e+01 -2.501548282913285348e+01
7.250039842427023018e+01 7.691752734084315080e+01 -2.525691352236268372e+01
7.249277504220130197e+01 7.695667136699540833e+01 -2.549767487199049754e+01
7.248218630240330640e+01 7.699526715884201167e+01 -2.573772709803062853e+01
7.246983952726401412e+01 7.703349174384784703e+01 -2.597708266179346381e+01
8.001016195350112525e+01 7.850501199797369623e+01 -1.883498964058287939e+01
8.008004901021912758e+01 7.851962835423424281e+01 -1.858022870789003278e+01
8.048355286676780906e+01 7.866214408251153145e+01 -1.860984936498050857e+01
8.088831699365582040e+01 7.880176655492772397e+01 -1.863569917266784515e+01
8.129323284877342815e+01 7.894127539574097341e+01 -1.865932723634340462e+01
8.169823734809961024e+01 7.908070259342750319e+01 -1.868145217455900919e+01
8.208831510233157758e+01 7.924834400492837005e+01 -1.870073508943051976e+01
8.247386359810930401e+01 7.942059235004954587e+01 -1.871868799310632525e+01
8.287549456008892435e+01 7.956994607771476069e+01 -1.873739249137836893e+01
8.327810237084683820e+01 7.971659040231651261e+01 -1.875572854932831035e+01
8.368069080600949405e+01 7.986317821374619541e+01 -1.877354367627901155e+01
8.408175593510377155e+01 8.001016813467433053e+01 -1.879089248195300854e+01
8.446323539606311215e+01 8.019814995021206983e+01 -1.880404807346247864e+01
8.484881443681371138e+01 8.038584072847027073e+01 -1.881444533450596168e+01
8.543705398175615073e+01 8.059603820714224298e+01 -1.864608127886369005e+01
8.602495381622294701e+01 8.080610185972349768e+01 -1.847771064384514617e+01
8.659796380221429501e+01 8.104510076573870947e+01 -1.830576538120633501e+01
8.716042247372514851e+01 8.130911405468900455e+01 -1.812955515070343537e+01
8.773325141020532669e+01 8.155022297883596138e+01 -1.795643380439628345e+01
8.830504285338754755e+01 8.179085529249057629e+01 -1.778334317556737787e+01
8.886286304349391685e+01 8.205385661955200760e+01 -1.760689202669695064e+01
8.940556286573948341e+01 8.234444798728907244e+01 -1.742600924610999158e+01
8.994748008387952609e+01 8.262915048648198990e+01 -1.724554431630589946e+01
9.048850097264832471e+01 8.291336586701667954e+01 -1.706527375422745152e+01
9.102313031829879719e+01 8.320449161378536473e+01 -1.688391400596410818e+01
9.153753142217995276e+01 8.352692900388231578e+01 -1.669753625497968486e+01
9.205154539742879649e+01 8.384978808860226707e+01 -1.651073014273060480e+01
8.574811816577383183e+01 8.077869094415454754e+01 -1.915387960915787602e+01
8.662459841132550764e+01 8.120728979627776312e+01 -1.950010243370972418e+01
7.638233258512664747e+01 7.854249758703919326e+01 -3.092939587107506583e+01
7.645995876095686583e+01 7.860221993362863202e+01 -3.121247155690579689e+01
7.653718471316007310e+01 7.866178197198581756e+01 -3.149509598768851149e+01
7.660918424382046510e+01 7.874157842471049662e+01 -3.177158867882596383e+01
7.668081413220164677e+01 7.882439200602220808e+01 -3.204702119791231496e+01
7.675289623152778518e+01 7.890719334140986518e+01 -3.232195601690912667e+01
7.682542982837082945e+01 7.898998178817357996e+01 -3.259639115377650143e+01
7.689841508243321755e+01 7.907275687999289460e+01 -3.287032450161072461e+01
7.697185268704052419e+01 7.915551827241024796e+01 -3.314375393599502218e+01
7.704574367954556635e+01 7.923826571160545029e+01 -3.341667737168391739e+01
7.712008932712485887e+01 7.932099901496964378e+01 -3.368909279416678970e+01
7.719489105387765449e+01 7.940371805819039253e+01 -3.396099827766605017e+01
7.727015039210387215e+01 7.948642276617964342e+01 -3.423239199532449817e+01
7.659394692637161484e+01 7.858590119545563368e+01 -3.088550067430110602e+01
7.688667765249203967e+01 7.868914457318999212e+01 -3.111986955450920078e+01
7.718064968551270510e+01 7.879685526162488429e+01 -3.134841489676146509e+01
7.747366413777700700e+01 7.892085988876736735e+01 -3.156833764191927472e+01
7.776554562382234792e+01 7.905950478851789853e+01 -3.178019581345774114e+01
7.805971229107895226e+01 7.919769877545219572e+01 -3.198697076107840331e+01
7.835730047061164782e+01 7.933586938946143619e+01 -3.218899482724744132e+01
7.865821486777223015e+01 7.947398692519652741e+01 -3.238626712337356395e+01
7.896236035318636937e+01 7.961202229623621918e+01 -3.257878925228450129e+01
7.926431206945062513e+01 7.975642621996233572e+01 -3.276545770383605571e+01
7.956622664360044439e+01 7.990783979247207469e+01 -3.294557591819106079e+01
7.987167126137120476e+01 8.005972596781025175e+01 -3.312005176187847866e+01
8.018003707997478102e+01 8.021163446502482941e+01 -3.328970433135864937e+01
9.225862149226546194e+01 8.396549725477156301e+01 -1.634910419651935953e+01
9.246562770677074639e+01 8.408115913677153230e+01 -1.618748324622023915e+01
9.267255731217986181e+01 8.419676986537290020e+01 -1.602587188591515499e+01
9.287811146377839577e+01 8.431420188714797348e+01 -1.586428181811456284e+01
9.308250832936506924e+01 8.443327925759700747e+01 -1.570224737483739830e+01
9.328120307831814273e+01 8.455970615251540323e+01 -1.553907915895422853e+01
9.347720320042503772e+01 8.468987016089623410e+01 -1.537535290082355743e+01
9.367322890407430691e+01 8.482005479131244385e+01 -1.521163351002891950e+01
9.386927236892317694e+01 8.495025480820473263e+01 -1.504792719234795051e+01
9.406532610276119044e+01 8.508046520999192808e+01 -1.488424000430744698e+01
9.426138292426418275e+01 8.521068121264683271e+01 -1.472057782895701727e+01
9.445713712327453493e+01 8.534062846933589697e+01 -1.455664173270636574e+01
9.465306409882386163e+01 8.547068861608570955e+01 -1.439254692346703024e+01
9.240184160374124644e+01 8.409081233174832448e+01 -1.650973662974835676e+01
9.275159155411770939e+01 8.433241385375556831e+01 -1.651447810674612171e+01
9.309999251036870760e+01 8.457480316265561271e+01 -1.652480837376448264e+01
9.343534575568908451e+01 8.483446192473628855e+01 -1.654007304647390697e+01
9.376909436688899291e+01 8.509580598215698899e+01 -1.656208602488207049e+01
9.410200645064608693e+01 8.535765130950113644e+01 -1.659067158713829571e+01
9.443199936552113627e+01 8.561843781619413107e+01 -1.662609780951914829e+01
9.476116573955165734e+01 8.587970859718892314e+01 -1.666795503641015941e+01
9.508945843014561206e+01 8.614139990500299859e+01 -1.671608636245737500e+01
9.540957021399260896e+01 8.641178339261085739e+01 -1.676881390587527321e+01
9.572741814970754604e+01 8.668400432044245463e+01 -1.682770671172626820e+01
9.604418585584757295e+01 8.695645919004417124e+01 -1.689283460293006556e+01
9.635918501966291672e+01 8.722857165953526248e+01 -1.696414312835041471e+01
7.725063898970421405e+01 7.959301685511981361e+01 -3.469721948900289732e+01
7.723206536382059539e+01 7.969956308241104637e+01 -3.516092096272643630e+01
7.750723170067982437e+01 7.962925838494409447e+01 -3.459534944999129635e+01
7.774078654796555554e+01 7.977447485310658237e+01 -3.495406791550296077e+01
7.798047360767442626e+01 7.993028858471552667e+01 -3.531170351999104184e+01
7.822522811703353796e+01 8.008682318100620989e+01 -3.566559015399226951e+01
7.847338801378244000e+01 8.024384180593983729e+01 -3.601695567151408994e+01
7.872404551913149362e+01 8.040121670562709255e+01 -3.636647773066654565e+01
7.897666030820624883e+01 8.055887232934357201e+01 -3.671456184047277560e+01
7.923225844752630564e+01 8.071688310535365929e+01 -3.706042050932391874e+01
7.948868240760390336e+01 8.087479379029558402e+01 -3.740499102564805867e+01
7.974281815461414169e+01 8.103564110367193507e+01 -3.774792570307703699e+01
7.999557510961132323e+01 8.120398082587638555e+01 -3.808819025218204501e+01
8.024931799461087678e+01 8.137253158012487120e+01 -3.842776942484501035e+01
8.050250327567574971e+01 8.154492143556483086e+01 -3.876439188041540262e+01
8.083299459958979583e+01 8.060828272656210913e+01 -3.398929221496205599e+01
8.147361913049368809e+01 8.102261113775068679e+01 -3.468487549110878376e+01
8.210905253661788095e+01 8.144086708353442816e+01 -3.537615479025971865e+01
8.273857168637054826e+01 8.186417384228566618e+01 -3.606568369943257579e+01
8.336636799130906184e+01 8.230481447467218459e+01 -3.673653432583471101e+01
8.400446872143336918e+01 8.274958485144689746e+01 -3.739076324780064198e+01
8.462291739724098250e+01 8.325181263844443436e+01 -3.801833230141384945e+01
8.520997919997620329e+01 8.377431246479000038e+01 -3.862605579220210927e+01
8.575867395667950177e+01 8.434655406183102855e+01 -3.920562908621881348e+01
8.631384997901771783e+01 8.492032097675316038e+01 -3.977701233875361453e+01
8.685606609845814319e+01 8.551737286048593489e+01 -4.033033822884915764e+01
8.740312015360500197e+01 8.611481599964464806e+01 -4.087766119684008714e+01
8.794071487303075685e+01 8.672813060446409850e+01 -4.141150342079483693e+01
8.076504357369621800e+01 8.045086138271666698e+01 -3.338932353954775323e+01
8.134130055245871915e+01 8.070440340527466105e+01 -3.347435915880408430e+01
8.191492474752550379e+01 8.096485963586391676e+01 -3.354775508512677362e+01
8.249035691508709078e+01 8.122411928337959353e+01 -3.361200098058923658e+01
8.305393500527691231e+01 8.149917128186011439e+01 -3.366342147779020877e+01
8.361127462128574450e+01 8.178224190097321866e+01 -3.370588783033473845e+01
8.416223745549207536e+01 8.206374938525884488e+01 -3.373869126779906225e+01
8.469550047933667258e+01 8.238374639856928638e+01 -3.375470101583968585e+01
8.523148312749100342e+01 8.268959766856595195e+01 -3.376297050208086858e+01
8.575425361242426447e+01 8.300275322017529334e+01 -3.376032997777090827e+01
8.626317474315369793e+01 8.334920057180676167e+01 -3.373891427873630278e+01
8.678412388722638582e+01 8.366913294779469368e+01 -3.371278510600416922e+01
8.729531251130109126e+01 8.399465990283981398e+01 -3.367456061568339010e+01
8.068535159588752492e+01 8.165082666697325919e+01 -3.889028142061709303e+01
8.086834338679450696e+01 8.175679636479158319e+01 -3.901620731796938202e+01
8.105147407953803906e+01 8.186282797272053813e+01 -3.914216672828239041e+01
8.123473941442082946e+01 8.196891900281985954e+01 -3.926815664931913830e+01
8.141436486344034051e+01 8.208100647662162430e+01 -3.939249267536012411e+01
8.159326155683940840e+01 8.219458566716487269e+01 -3.951621128247009551e+01
8.177205613569495313e+01 8.230805943785061629e+01 -3.963972173671128019e+01
8.195074351661045853e+01 8.242142492056960634e+01 -3.976302173997910927e+01
8.213013867718640881e+01 8.253505782345466457e+01 -3.988619471766239855e+01
8.230969996711800718e+01 8.264876575601887509e+01 -4.000937942650352852e+01
8.248942273965948857e+01 8.276254574138084763e+01 -4.013257256242815174e+01
8.266629946887987046e+01 8.287776018740345307e+01 -4.025530853406534249e+01
8.284166453461550361e+01 8.299643881747857677e+01 -4.037696100530146026e+01
8.065383925849596380e+01 8.174011992022369100e+01 -3.922889615283203568e+01
8.079680523219117561e+01 8.193316937489339580e+01 -3.969667977862882680e+01
8.093235494358415849e+01 8.212426938858422432e+01 -4.016721734919058662e+01
8.106095829560186417e+01 8.231350628305749240e+01 -4.064020974926717145e+01
8.118222860961078879e+01 8.250073326795832429e+01 -4.111564930761954884e+01
8.129595979291885044e+01 8.268584898538603056e+01 -4.159345447180307076e+01
8.139903664846977449e+01 8.287134275389990989e+01 -4.207343255359100453e+01
8.149462953517040376e+01 8.305492561811836083e+01 -4.255588998019298685e+01
8.158336883154095176e+01 8.323632824250300644e+01 -4.304069277271133842e+01
8.166625657920909021e+01 8.341586028565821209e+01 -4.352746739183449876e+01
8.174412582614294820e+01 8.359378280008171203e+01 -4.401591546259367504e+01
8.181765393823773991e+01 8.377031022057363430e+01 -4.450580166423450379e+01
8.188728337285412806e+01 8.394581714876989054e+01 -4.499676835275721487e+01
8.817517075106061952e+01 8.707667593980448828e+01 -4.189411372056013505e+01
8.839387918778605524e+01 8.743475135000004173e+01 -4.236708986618666728e+01
8.861077723100490289e+01 8.779285907151181334e+01 -4.283938132648459884e+01
8.883287078425139782e+01 8.814599293661814272e+01 -4.331506466093336627e+01
8.904600174462413520e+01 8.851061935522487545e+01 -4.378774905581694554e+01
8.925679533720544612e+01 8.887696763894277296e+01 -4.425972232476441803e+01
8.946946820389183586e+01 8.924291862889008087e+01 -4.473352470127603908e+01
8.968023794122622405e+01 8.961276071944998023e+01 -4.520744672778853612e+01
8.989018470401283878e+01 8.999084842226046987e+01 -4.568141443347227693e+01
9.011063112968396638e+01 9.035797592860711802e+01 -4.616124431827608987e+01
9.034901406023463721e+01 9.072467606980855237e+01 -4.665040892490518587e+01
9.061377707595330833e+01 9.105386929746511271e+01 -4.715227780443174765e+01
8.810692130657012910e+01 8.687889324680239156e+01 -4.147714861112991969e+01
8.827356227666119537e+01 8.703004813262536743e+01 -4.154295992656962966e+01
8.843463294332106273e+01 8.718531685751790405e+01 -4.160152176805669200e+01
8.859597025781043556e+01 8.734204832090023274e+01 -4.165521872518107926e+01
8.876070690847949152e+01 8.749936530394924716e+01 -4.170586443562134349e+01
8.892925377557040179e+01 8.765347100938605251e+01 -4.175539239060961449e+01
8.909944477553756315e+01 8.780738109820327963e+01 -4.180075726030064942e+01
8.927095141785359544e+01 8.796131388265041551e+01 -4.184328097898560372e+01
8.943972020872574547e+01 8.811618052202460660e+01 -4.188154011717671921e+01
8.960676291206037547e+01 8.827444928175299310e+01 -4.191430720460110848e+01
8.977508272933779665e+01 8.843237147145715937e+01 -4.194330198022677791e+01
8.994746994589513633e+01 8.858892497931142884e+01 -4.196969478740553683e+01
9.012166059036853483e+01 8.874450025871918513e+01 -4.199346297205396894e+01
9.689629498052120482e+01 8.773990682012963305e+01 -1.734862595439589583e+01
9.743750417465560076e+01 8.824775256130624257e+01 -1.773408216523402459e+01
9.798201662018036018e+01 8.876027430116413086e+01 -1.812126548374983059e+01
9.853088722290226542e+01 8.927460232179639377e+01 -1.850862117006247232e+01
9.911083708101868694e+01 8.974834419010699094e+01 -1.890185961185691355e+01
9.969144335154487635e+01 9.022049459677340622e+01 -1.929595443432582513e+01
9.689080750602335002e+01 8.765199243535323603e+01 -1.688560957398837559e+01
9.742431823501519261e+01 8.807034125854485751e+01 -1.679380841790944245e+01
9.795789555279452543e+01 8.848769531275698341e+01 -1.669436812524967451e+01
9.849510991627026613e+01 8.890639719687916909e+01 -1.658580424522464369e+01
9.903533835799308349e+01 8.931905253938052169e+01 -1.646536030671145667e+01
9.959783877502536598e+01 8.969848199850792980e+01 -1.633997854969345553e+01
1.001739876005141099e+02 9.008671141617938360e+01 -1.621017877392688078e+01
1.007460769388416679e+02 9.046988875948635211e+01 -1.606626580984936581e+01
1.013562330379640031e+02 9.077310773808017075e+01 -1.591897707288418395e+01
1.020585251631317760e+02 9.107960830890006321e+01 -1.580119429538389930e+01
1.027048977430072512e+02 9.135720827857009851e+01 -1.564580704836656899e+01
1.033076444720229148e+02 9.141660617068271222e+01 -1.543789721156591987e+01
1.037998192843677856e+02 9.134391989946901447e+01 -1.516807006201496932e+01
8.750489937209923141e+01 8.412646732712703113e+01 -3.357380601415462706e+01
8.772358284883264901e+01 8.425338506195478772e+01 -3.347325650187838164e+01
8.794584506523462153e+01 8.437569861530066362e+01 -3.337347769401761610e+01
8.816799086528601492e+01 8.449804171667808816e+01 -3.327410874011020070e+01
8.839050084429474907e+01 8.462060387244473247e+01 -3.317464750918595229e+01
8.861335865686842794e+01 8.474337645502126293e+01 -3.307510274283200147e+01
8.883654849678531207e+01 8.486635110404635896e+01 -3.297548282792511998e+01
8.904899719174387940e+01 8.500051078749440592e+01 -3.287224307013686087e+01
8.926623698012056707e+01 8.513143371380463975e+01 -3.276940265100440541e+01
8.948568436105126978e+01 8.525994904135717434e+01 -3.266694565131130190e+01
8.970551136661534031e+01 8.538867126812836261e+01 -3.256425657335918800e+01
8.992459941067073714e+01 8.551680995804684926e+01 -3.246137634428943386e+01
9.014397524198007261e+01 8.564514516990938375e+01 -3.235846126403043144e+01
8.760170132644111618e+01 8.424483416506529920e+01 -3.375151898706999276e+01
8.791804816377025134e+01 8.447847696350662261e+01 -3.383699011257629508e+01
8.823195917693311685e+01 8.471194901453304738e+01 -3.392802291323670261e+01
8.854382198581181740e+01 8.494594641894629206e+01 -3.402628757388001901e+01
8.884003582126346998e+01 8.519155404712866186e+01 -3.412726853353181156e+01
8.913150957655511775e+01 8.544608824521000656e+01 -3.423177933489935043e+01
8.942822810492413055e+01 8.569053171141152347e+01 -3.434456690183233718e+01
8.972172174902659947e+01 8.593442262267147669e+01 -3.446361105243276768e+01
9.001336782703147321e+01 8.617864580096873794e+01 -3.458854688750165707e+01
9.028759262787291107e+01 8.643594143637572813e+01 -3.471436542168373052e+01
9.055813646063353417e+01 8.669436186589922499e+01 -3.484547669391220381e+01
9.083283277813355028e+01 8.694820533237925986e+01 -3.498351449874246555e+01
9.110476200246199596e+01 8.720133200147368768e+01 -3.512732162463746732e+01
9.483570549775534175e+01 8.557689534768775275e+01 -1.412273914928536200e+01
9.501556877109904065e+01 8.568507133353949712e+01 -1.385272059091174413e+01
9.519304449393612799e+01 8.579642340439774273e+01 -1.358219801629009105e+01
9.537061153809153780e+01 8.590784661516397591e+01 -1.331164926038668739e+01
9.554826381790672940e+01 8.601933700861890486e+01 -1.304108246504316249e+01
9.572538622143005682e+01 8.613098814973776030e+01 -1.277042144174007632e+01
9.590223048460437383e+01 8.624305489118397361e+01 -1.249971391557691192e+01
9.607910171308829206e+01 8.635514625265078337e+01 -1.222902599826720760e+01
9.625642173827317549e+01 8.646750450067526117e+01 -1.195750947337296033e+01
9.643380783371756593e+01 8.657990660296103158e+01 -1.168590785909679752e+01
9.661125465944849111e+01 8.669234910775095670e+01 -1.141422878162256893e+01
9.678499712305485048e+01 8.680732807602194612e+01 -1.114235893137612621e+01
9.695713738238512747e+01 8.692446415631283685e+01 -1.087006606903445594e+01
9.496168042997231851e+01 8.569303633449928270e+01 -1.426993623711623549e+01
9.526456101753478833e+01 8.592456249283334557e+01 -1.415301171900386379e+01
9.556776965903733867e+01 8.615863277345076199e+01 -1.404258134136389202e+01
9.587119755506370211e+01 8.639551894390928055e+01 -1.393866016285310927e+01
9.617562519196114579e+01 8.663405271009166597e+01 -1.384140592779523438e+01
9.648073370985868280e+01 8.687392160384790429e+01 -1.375041425205144030e+01
9.678674502889926146e+01 8.711533796331400481e+01 -1.366592508140433715e+01
9.708902822163327073e+01 8.736145129765647255e+01 -1.358664261719736110e+01
9.738849898953230877e+01 8.761267474816432355e+01 -1.351260429592839607e+01
9.769260185455985379e+01 8.786337424824661468e+01 -1.344513682982805314e+01
9.800234319303650921e+01 8.810906115056968702e+01 -1.338428944747255578e+01
9.831415500644517635e+01 8.835698600381701340e+01 -1.332844102945084330e+01
9.862613139498300541e+01 8.860570617774021684e+01 -1.327859335659829121e+01
