7.094530000000000314e+01 7.563710000000000377e+01 0.000000000000000000e+00
7.069757229661273357e+01 7.558170933270515945e+01 -4.172422254258609242e-01
7.035421177156695194e+01 7.550497638435372494e+01 -7.284017499331904011e-01
7.001056579248314904e+01 7.542817964237070782e+01 -1.039829012683169962e+00
6.966664544396824965e+01 7.535132158387634149e+01 -1.351514141845766792e+00
6.932269764743902840e+01 7.527445753374048820e+01 -1.662311466385322900e+00
6.897853918107888660e+01 7.519754640074721408e+01 -1.973319823044473953e+00
6.863627973876420185e+01 7.511133308720570767e+01 -2.284507209898872127e+00
6.829404523923049908e+01 7.502364086657556186e+01 -2.595939121009620543e+00
6.795046226405689538e+01 7.494056193409360844e+01 -2.907645605694002988e+00
6.760663296368437614e+01 7.485742338980199406e+01 -3.219580451286744971e+00
6.726256645637907639e+01 7.477422744686884926e+01 -3.531734567904198929e+00
7.060998046139252438e+01 7.556209144187944560e+01 -7.735483209154646600e-01
7.052949167697364885e+01 7.554405963928708445e+01 -1.131595692039434997e+00
7.045317174515857062e+01 7.552695869846539267e+01 -1.490854256534200672e+00
7.038278630270322367e+01 7.551118291208224775e+01 -1.851553590746506162e+00
7.031894154382769102e+01 7.549686767099008478e+01 -2.213652205352336644e+00
7.026034811038252315e+01 7.548372505853755854e+01 -2.576879888905999838e+00
7.020763692054710248e+01 7.547189598405583411e+01 -2.941215968821273563e+00
7.015983259976418651e+01 7.546116264319947220e+01 -3.306462159156814629e+00
7.011748092553169442e+01 7.545164693188603167e+01 -3.672588298384937389e+00
7.007967654356716025e+01 7.544241418933327736e+01 -4.041061577483655576e+00
7.004817793764719625e+01 7.542982155016002821e+01 -4.410107080290313952e+00
7.002226453292109909e+01 7.541859327052981143e+01 -4.779631496575944993e+00
7.000136531053846056e+01 7.540859055057366334e+01 -5.149533549112927489e+00
7.006155728749983780e+01 7.542020804842491088e+01 -5.388929377982355717e+00
7.012181769210819482e+01 7.543184110961524880e+01 -5.628418524917440102e+00
7.018214649700377095e+01 7.544348980880920408e+01 -5.867994813609264781e+00
7.024254322488019397e+01 7.545515410560291514e+01 -6.107652420403035798e+00
7.030300736874919210e+01 7.546683394918370880e+01 -6.347385758782372989e+00
7.036353844189514462e+01 7.547852929086849372e+01 -6.587189458194728786e+00
7.042413598877897130e+01 7.549024008692417453e+01 -6.827058353088307996e+00
7.048479958762058573e+01 7.550196629931427594e+01 -7.066987474346664300e+00
7.054552885051391797e+01 7.551370789582807674e+01 -7.306972041625496850e+00
7.060632342266227113e+01 7.552546484998755716e+01 -7.547007456180108598e+00
7.066718298126973252e+01 7.553723714086517305e+01 -7.787089294039367893e+00
7.072786516947500957e+01 7.555000872155740410e+01 -8.026756599075120846e+00
7.078753310500194118e+01 7.556709741583691198e+01 -8.266473765513234540e+00
6.981366776709502631e+01 7.535534940626440914e+01 -5.694320909840112854e+00
6.961709788517356401e+01 7.529997643315689970e+01 -6.235651944268863822e+00
6.941176025889870971e+01 7.524249919787163776e+01 -6.773382596760739283e+00
6.919723962391130101e+01 7.518550555933614987e+01 -7.307382387040486371e+00
6.897043985435594493e+01 7.514392631311118009e+01 -7.837424095323733297e+00
6.873481564467883231e+01 7.510705806468256185e+01 -8.363650390357740605e+00
6.849139579345755635e+01 7.507025380089410760e+01 -8.886039783783052926e+00
6.824054066007077779e+01 7.503187857423903040e+01 -9.404438896691944549e+00
6.797540736094305203e+01 7.499068636932236132e+01 -9.924094898712580104e+00
6.770241297357999599e+01 7.496973904264325483e+01 -1.043949720275156068e+01
6.742441401715862526e+01 7.496468495410128696e+01 -1.095098918175668423e+01
6.714201067733188211e+01 7.499148975182249899e+01 -1.145736993752055177e+01
6.686043086184288597e+01 7.501807098060227474e+01 -1.196046777635345926e+01
7.076607003466742185e+01 7.556642446850236183e+01 -8.717205245417780191e+00
7.074456364432968769e+01 7.556574203609368112e+01 -9.168049276702385342e+00
7.072301386258797606e+01 7.556505005398757646e+01 -9.619001239330732034e+00
7.070145792546387042e+01 7.556445999697032789e+01 -1.007001878677955098e+01
7.067974351880376105e+01 7.556434343104992024e+01 -1.052112594595838857e+01
7.065798092927579432e+01 7.556421615455234075e+01 -1.097232123903360446e+01
7.063617023642760273e+01 7.556407814240154153e+01 -1.142360078606619922e+01
7.062216701102751415e+01 7.556584275952609175e+01 -1.187519388315616631e+01
7.061600514787618010e+01 7.557079555884560307e+01 -1.233195194979042597e+01
7.061649180958131922e+01 7.558111251763202176e+01 -1.278823516028483631e+01
7.062458576376026542e+01 7.559293604103271491e+01 -1.324410324413355156e+01
7.064041055482684328e+01 7.560628756109836957e+01 -1.369941396059402372e+01
7.066343404057565181e+01 7.562105866585449121e+01 -1.415406127661018054e+01
7.112870732827671816e+01 7.565659423723992916e+01 -8.831383502910552963e+00
7.147710561101192184e+01 7.574781792740908770e+01 -9.391760754143305689e+00
7.183262979892467115e+01 7.584074365307048993e+01 -9.947532708637965015e+00
7.219773615240696074e+01 7.593595473436961640e+01 -1.049678214406176835e+01
7.257173001819469960e+01 7.603328340574310573e+01 -1.103977688322472339e+01
7.295410287928349646e+01 7.613260653368449482e+01 -1.157668143063632726e+01
7.334267627285039737e+01 7.623576884515186691e+01 -1.211288731125876161e+01
7.373620499602047573e+01 7.635108695495317477e+01 -1.264257998083850865e+01
7.413799864983018040e+01 7.646881890095758649e+01 -1.316535209176178256e+01
7.454771168927177882e+01 7.658886367134485340e+01 -1.368128599292126601e+01
7.496503639910800132e+01 7.671113131008237929e+01 -1.419044867783330410e+01
7.539344320568204694e+01 7.683663650036127990e+01 -1.469243045830322103e+01
7.582791565352781049e+01 7.696391256901453914e+01 -1.518790831000554498e+01
6.645737713136793445e+01 7.503123934462460909e+01 -1.232780661902903496e+01
6.605668403684359191e+01 7.505353604125616584e+01 -1.269295246454125525e+01
6.565806167281810701e+01 7.507579566022897666e+01 -1.305704773806356478e+01
6.526992761321382375e+01 7.515090149193798652e+01 -1.341191026667137720e+01
6.488075942816622899e+01 7.525552217313905601e+01 -1.376631558923142151e+01
6.448826617752921209e+01 7.532557576153868695e+01 -1.412483139225030904e+01
6.409653609930052198e+01 7.539551185195077210e+01 -1.448282373229921838e+01
6.370557389407683502e+01 7.546533000823421844e+01 -1.484029205320085687e+01
6.332369184730633549e+01 7.557028974137895716e+01 -1.519146835007276408e+01
6.293754513130457440e+01 7.566633922083003938e+01 -1.554646646267725352e+01
6.255089415055617508e+01 7.575950022097399028e+01 -1.590199749961903564e+01
6.216908047666082382e+01 7.587023141657692804e+01 -1.625350555991500201e+01
6.178741691795060120e+01 7.598392706596376911e+01 -1.660469313611039155e+01
7.631125920656965889e+01 7.710538715977162383e+01 -1.547586502805397579e+01
7.679319062789281247e+01 7.725056102392731816e+01 -1.576336201894775790e+01
7.726994941452676358e+01 7.741238394395045930e+01 -1.604987201916219419e+01
7.774418102398297492e+01 7.758187185761933335e+01 -1.633573509014123815e+01
7.821915401247667887e+01 7.775163082341256882e+01 -1.662214480292367824e+01
7.869414250794039845e+01 7.792139362992311646e+01 -1.690853598386946643e+01
7.916914636533256555e+01 7.809116021936792151e+01 -1.719490844811759445e+01
7.963309236600794350e+01 7.828453466977926212e+01 -1.748023395804854729e+01
8.010222419582687792e+01 7.846953194682940591e+01 -1.776437233005703220e+01
8.057342033682017757e+01 7.865109786966817751e+01 -1.805029093678158958e+01
8.104461289100572685e+01 7.883266278774351576e+01 -1.833621244032732633e+01
8.151580171735398039e+01 7.901422667172710135e+01 -1.862213709143504303e+01
8.197674291932105461e+01 7.921268748997501064e+01 -1.890712615694613419e+01
7.593323396557532590e+01 7.699481209461960418e+01 -1.541326305917036343e+01
7.603845657219160614e+01 7.702568353310115867e+01 -1.563839530910904685e+01
7.613926001859060477e+01 7.705526351535654328e+01 -1.586542777474987531e+01
7.623417412414650585e+01 7.709243264661967032e+01 -1.609330248387600548e+01
7.632594505445017319e+01 7.713211129008709577e+01 -1.632200017377526180e+01
7.641380086805475003e+01 7.717073495678080519e+01 -1.655232476622974147e+01
7.649840532734252463e+01 7.720847815139327963e+01 -1.678392272069158864e+01
7.658036306026852458e+01 7.724550137294066587e+01 -1.701649949632947312e+01
7.665862208395317623e+01 7.728151650599654943e+01 -1.725040932121374126e+01
7.673364158440732297e+01 7.731664475325638364e+01 -1.748541621463111539e+01
7.680584672175356786e+01 7.735099934393785759e+01 -1.772131966804247227e+01
7.687448189319648861e+01 7.738437042968236312e+01 -1.795832226035582480e+01
7.693989931996907217e+01 7.741685138564332647e+01 -1.819625022663842273e+01
7.078620498426690233e+01 7.565281417778139428e+01 -1.447960468317925908e+01
7.090893664377045980e+01 7.568455672068485285e+01 -1.480491856008576335e+01
7.103263306817920864e+01 7.571702523514328220e+01 -1.512928178286430558e+01
7.115548155510614947e+01 7.575222289403143350e+01 -1.545352756808499883e+01
7.127805093283598126e+01 7.578737876271607377e+01 -1.577779335206987099e+01
7.139949182434874331e+01 7.582803127331648341e+01 -1.610133348275055454e+01
7.152001538939185821e+01 7.587469904453226377e+01 -1.642436420703579714e+01
7.164084322620773548e+01 7.592139535921413085e+01 -1.674718711265145998e+01
7.176197432300003243e+01 7.596812010460554632e+01 -1.706980268614905327e+01
7.188340825439887283e+01 7.601487323902372850e+01 -1.739221119766267520e+01
7.200155561089118805e+01 7.606283169934029331e+01 -1.771515317662754896e+01
7.211917543200367220e+01 7.611212340563335488e+01 -1.803788586853385922e+01
7.223655144590475174e+01 7.616134850852625959e+01 -1.836048060119961889e+01
7.056103509253351547e+01 7.561804354864783306e+01 -1.460077466473743435e+01
7.045041580535276182e+01 7.562351461736304259e+01 -1.504540297314615671e+01
7.033359874481391216e+01 7.562794976863730767e+01 -1.548833597044810517e+01
7.020103885618038930e+01 7.563006048746017029e+01 -1.593304498176991224e+01
7.006129021028974080e+01 7.564636066996799002e+01 -1.637185458277176764e+01
6.991574819891421555e+01 7.566214051167936816e+01 -1.680865015337947099e+01
6.976454578190688949e+01 7.567687338352033066e+01 -1.724339722340481273e+01
6.960762874105544995e+01 7.569363925140226002e+01 -1.767555943084766312e+01
6.944806087578993470e+01 7.572748661877342613e+01 -1.810224665747296413e+01
6.928273819836226721e+01 7.577548876533063549e+01 -1.852440481360233449e+01
6.911310121683136742e+01 7.582294868413150368e+01 -1.894325068001300849e+01
6.893922644277080281e+01 7.586985917707026772e+01 -1.935870876752374414e+01
6.876119178402170462e+01 7.591621342879606971e+01 -1.977070631360567177e+01
6.153295035072406449e+01 7.602639368295903921e+01 -1.672473010013882799e+01
6.128257740642101936e+01 7.609292899071027705e+01 -1.684146129046891005e+01
6.103220169435616071e+01 7.615943570332134982e+01 -1.695801066027036086e+01
6.078182967257582447e+01 7.622591214696640805e+01 -1.707437546310582377e+01
6.053146724880281937e+01 7.629235665268478783e+01 -1.719055232647856002e+01
6.028111996447076848e+01 7.635876759622816223e+01 -1.730653772011616454e+01
6.003079306388829650e+01 7.642514340838454245e+01 -1.742232810292322043e+01
5.977453304530861544e+01 7.649150557674298057e+01 -1.754130568964219705e+01
5.951584788613140375e+01 7.653781518518663063e+01 -1.766254220727627811e+01
5.926632744060776758e+01 7.660127728959052718e+01 -1.777934755466893435e+01
5.901960962164361746e+01 7.667785480711147272e+01 -1.789423011523662410e+01
5.877292290054779755e+01 7.675437874718430464e+01 -1.800882448671015368e+01
5.852627452608214043e+01 7.683084711610926831e+01 -1.812312889024313378e+01
6.161773565016568455e+01 7.603773571822445376e+01 -1.689612726969665957e+01
6.145933826204841921e+01 7.611437958818973470e+01 -1.718621962267895498e+01
6.130602747292581967e+01 7.619053632911800378e+01 -1.747879423083111305e+01
6.115781306114745064e+01 7.626610403735331545e+01 -1.777377053650787886e+01
6.101471262657957340e+01 7.634106445500083282e+01 -1.807105554923262858e+01
6.087673983572876324e+01 7.641540002595920100e+01 -1.837055596805715041e+01
6.074390520831542517e+01 7.648909382597726392e+01 -1.867217868314094176e+01
7.692514610404052178e+01 7.743544343111183537e+01 -1.860517735470421385e+01
7.691053090572385997e+01 7.745406318525368761e+01 -1.901387789264539308e+01
7.689605461353127680e+01 7.747271090686970751e+01 -1.942235181715409453e+01
7.688171813362269802e+01 7.749138686034912382e+01 -1.983059911245722162e+01
7.687123889754968786e+01 7.751159397609431778e+01 -2.024602110780065090e+01
7.686037676004754360e+01 7.753166671702255996e+01 -2.066104538977317517e+01
7.684914189541220253e+01 7.755160811782505448e+01 -2.107567296193193940e+01
7.683754035111704184e+01 7.757141999903208784e+01 -2.148990471970570582e+01
7.682499618043316048e+01 7.758915112203098374e+01 -2.190440709861159618e+01
7.681242962673076136e+01 7.760599761151051723e+01 -2.231841423621840903e+01
7.679513104509067034e+01 7.762145648408866805e+01 -2.273356393975244316e+01
7.677847163532969432e+01 7.763706358266398411e+01 -2.314777457073234856e+01
7.676244213073921685e+01 7.765281622014717300e+01 -2.356104897263560005e+01
7.730267910867564751e+01 7.757137881938686519e+01 -1.880121875812728049e+01
7.766960584791557665e+01 7.772931588747788112e+01 -1.940177163757568479e+01
7.804661411669906101e+01 7.789088761375643344e+01 -2.000345237164387058e+01
7.843214101504560176e+01 7.805518028053597845e+01 -2.059844616954059759e+01
7.882721469159268679e+01 7.822251482134909395e+01 -2.118578305879558954e+01
7.923863553227954526e+01 7.839225632998012827e+01 -2.176365592124592041e+01
7.965831398770524174e+01 7.856158780818923049e+01 -2.233355275427354059e+01
8.007913938103062890e+01 7.874315627888249480e+01 -2.289515490145051757e+01
8.050296275188152606e+01 7.894066923513965151e+01 -2.344844632415065888e+01
8.092778716843280051e+01 7.915793231232026983e+01 -2.399148989344188720e+01
8.135157819326205697e+01 7.939626094363947573e+01 -2.452597235522787500e+01
8.178173758961739281e+01 7.963636600399118493e+01 -2.505448715259840142e+01
8.246303204440755508e+01 7.946741451847410076e+01 -1.948852017605911158e+01
8.295085629978905217e+01 7.972295441044494169e+01 -2.007187979763306629e+01
8.345847131567067834e+01 7.996214312844263361e+01 -2.065519995122178187e+01
8.396174516066894000e+01 8.019868779613496201e+01 -2.123789909915030805e+01
8.444357035001299039e+01 8.046651176260229477e+01 -2.181683426990937491e+01
8.491743218667838278e+01 8.075175783369621740e+01 -2.239393203207173855e+01
8.540073502152002050e+01 8.104055093672421606e+01 -2.295937733124979019e+01
8.589374641317300529e+01 8.133298551018444300e+01 -2.351277399151795677e+01
8.638192908110391954e+01 8.165537119964935187e+01 -2.405121581497145655e+01
8.686397139434519943e+01 8.200796341345557039e+01 -2.457555304316073830e+01
8.734990867581738883e+01 8.236085924690297588e+01 -2.508976487662133792e+01
8.784250593017353026e+01 8.271601419960164492e+01 -2.559648101326833114e+01
8.831838478796787228e+01 8.310251166133249967e+01 -2.609060998279725752e+01
8.225223567168626460e+01 7.933935752039643319e+01 -1.897349169174785288e+01
8.252588216308616609e+01 7.946520747552446551e+01 -1.903984228765878939e+01
8.281265015972014965e+01 7.958187441983758958e+01 -1.910066143974253805e+01
8.310297426923280284e+01 7.969171637770169525e+01 -1.915694871103205088e+01
8.339396833258427932e+01 7.980145810357130642e+01 -1.920964653035825620e+01
8.368599246311646311e+01 7.991101303924676813e+01 -1.925648183726460161e+01
8.397881569938860480e+01 8.002037309275030452e+01 -1.929824362583567776e+01
8.426175620973772595e+01 8.014841290502327809e+01 -1.933406733292133950e+01
8.453845708815327953e+01 8.028657965713918543e+01 -1.936329883959335874e+01
8.481311221861352578e+01 8.042328605937554187e+01 -1.938755824744212930e+01
8.509931126089121278e+01 8.055495862976738408e+01 -1.940725859467357139e+01
8.539187053126016735e+01 8.067163486264956873e+01 -1.942481946254669722e+01
8.568467909678103922e+01 8.078781371823136226e+01 -1.943741359108716438e+01
7.249419647990022497e+01 7.624463861320430169e+01 -1.869894458374842117e+01
7.275145148616955737e+01 7.632782391697762137e+01 -1.903721394927528721e+01
7.226175749245277302e+01 7.619888051599438938e+01 -1.883224581378847517e+01
7.228329694540721562e+01 7.624283442973811020e+01 -1.930218652023578940e+01
7.229722758771066538e+01 7.628594415254219996e+01 -1.977185749728228004e+01
6.858845007096084601e+01 7.592907526659938355e+01 -1.996314194813804477e+01
6.841633936576253916e+01 7.594172588153210768e+01 -2.015491123932817885e+01
6.824485599513074874e+01 7.595433134754514981e+01 -2.034599013378769783e+01
6.807399802733266370e+01 7.596689181141985614e+01 -2.053638082671267284e+01
6.791693875195984731e+01 7.598534682657823680e+01 -2.072104339650969251e+01
6.858367798516317748e+01 7.605506543981542222e+01 -2.109074176680192636e+01
6.843517971544073930e+01 7.620447883468143857e+01 -2.240699707997953993e+01
6.829308687221535479e+01 7.638555668030402046e+01 -2.372053174390968522e+01
6.815798914522257235e+01 7.664300311869627080e+01 -2.501799233155307789e+01
5.796184765526620453e+01 7.697542082001584163e+01 -1.819517495005700880e+01
5.738791344418881835e+01 7.709769449747425085e+01 -1.827383717798549156e+01
5.683147033002072135e+01 7.725142442264770182e+01 -1.834407382691821198e+01
5.628236066723786735e+01 7.743136745743242955e+01 -1.840981955622176969e+01
5.573358536919970874e+01 7.761103003834743674e+01 -1.847456051146383871e+01
5.808828330997879164e+01 7.699924277844067433e+01 -1.852927920642812154e+01
7.657350163651088337e+01 7.764631993111915165e+01 -2.410253978707357092e+01
7.637900917024478531e+01 7.765865364286162276e+01 -2.464179384908466020e+01
7.618410689253074963e+01 7.767070420344796844e+01 -2.518072643430109991e+01
7.599245804319066622e+01 7.768808509607173107e+01 -2.571757782380286983e+01
7.579784139425819944e+01 7.772031468640032870e+01 -2.625154625564753275e+01
7.560429041837781483e+01 7.775258802439954309e+01 -2.678409635068865313e+01
7.541181000362379905e+01 7.778490707309762797e+01 -2.731523365122680147e+01
7.520967876356051818e+01 7.781692202426198435e+01 -2.785949565035418729e+01
7.500879889875773188e+01 7.784904784436713499e+01 -2.840202452372545849e+01
7.480917686299966363e+01 7.788121840114669681e+01 -2.894283587403501556e+01
7.461555032752227135e+01 7.792960213351364018e+01 -2.947760531958547148e+01
7.441811705435648605e+01 7.798950140273024090e+01 -3.001061093140351232e+01
7.421999290286005646e+01 7.804391537027484560e+01 -3.054485654758048696e+01
7.682535600611237214e+01 7.768407306235796739e+01 -2.380223245279128008e+01
7.688270160273029319e+01 7.773265538555133958e+01 -2.403955597950712786e+01
7.694465556162201381e+01 7.778305044531025203e+01 -2.427507458221640491e+01
7.701024355195133353e+01 7.783436461128430039e+01 -2.450913620701457063e+01
7.707835700077453112e+01 7.788630232925194719e+01 -2.474207151310758235e+01
7.715071871651385038e+01 7.793930573174861820e+01 -2.497323781072601889e+01
7.722661678247798989e+01 7.799318279755229355e+01 -2.520283081214408938e+01
7.730542419745208349e+01 7.804776754712372622e+01 -2.543104641215962758e+01
7.738814336080591261e+01 7.810330757059479367e+01 -2.565743823908752574e+01
7.747429071779049536e+01 7.815967357637431689e+01 -2.588214773514446776e+01
7.756343069374308641e+01 7.821675118489721967e+01 -2.610531792721493360e+01
7.765624541650066703e+01 7.827470209849811056e+01 -2.632659421698841484e+01
7.775236891025082286e+01 7.833342943486218246e+01 -2.654609093680664600e+01
8.876953261114044835e+01 8.342912465587005499e+01 -2.630740004072452365e+01
8.922409926165677518e+01 8.374658285215149078e+01 -2.652582624873465633e+01
8.967870490839011666e+01 8.406412685121824779e+01 -2.674456703520241518e+01
9.011011529539530329e+01 8.440863828716528872e+01 -2.695733274858182682e+01
9.054020815494411067e+01 8.475822662664609197e+01 -2.716846043426111024e+01
9.097355326503391382e+01 8.509980953569544226e+01 -2.738115145692153263e+01
9.140712346371616093e+01 8.544162437283262079e+01 -2.759420473578655475e+01
9.181767135475054431e+01 8.580599599673611522e+01 -2.779853020365165150e+01
9.222840744492496867e+01 8.617022396523248062e+01 -2.800302189710451017e+01
9.264216376096828753e+01 8.653121047368088625e+01 -2.820827937450817302e+01
9.305049283027685192e+01 8.689499382606670963e+01 -2.841196168316944437e+01
9.344900547864854445e+01 8.727021543469102483e+01 -2.861253177483033383e+01
9.384862946600914313e+01 8.764603691412773401e+01 -2.881325853855265962e+01
8.857363559558731936e+01 8.337024564283403549e+01 -2.660690859373575989e+01
8.882424462547285771e+01 8.362509812738115045e+01 -2.713058059642220599e+01
8.906502414302615023e+01 8.387515517548588662e+01 -2.765998149640951453e+01
8.929520306702042376e+01 8.411989602074447703e+01 -2.819483037387459490e+01
8.951261359798036210e+01 8.435904428436977298e+01 -2.873311556871045624e+01
8.970892533228011700e+01 8.461523570374778558e+01 -2.927134007803986648e+01
8.989814321640376704e+01 8.486738118336334935e+01 -2.981448338810814036e+01
9.007712143149028350e+01 8.511302599692545812e+01 -3.036163841742485303e+01
9.024828774431291833e+01 8.535396878037620638e+01 -3.091305735053543557e+01
9.041221963654832905e+01 8.559053171340661947e+01 -3.146830617855360401e+01
9.055372773031258760e+01 8.584424890650944917e+01 -3.202185505175126679e+01
9.067799791543301069e+01 8.610633763457678924e+01 -3.257565819918702488e+01
9.079494127933760694e+01 8.636385978060208402e+01 -3.313308973633457555e+01
8.598020275836884707e+01 8.089304609761296661e+01 -1.934975778110734623e+01
8.627555370632393306e+01 8.099821048345610564e+01 -1.926209900628145988e+01
8.655733466043346880e+01 8.113026270486312796e+01 -1.917113131783393243e+01
8.683360352866900200e+01 8.126805805790836246e+01 -1.907937715644895604e+01
8.710736701415808625e+01 8.140450981271715136e+01 -1.898769568474473957e+01
8.739281684874585210e+01 8.152508452087720059e+01 -1.889644324923231977e+01
8.768205129120974561e+01 8.164644657660724647e+01 -1.880634254318152898e+01
8.797074962050140812e+01 8.176756152236227138e+01 -1.871625185226903199e+01
8.825891179351070548e+01 8.188842951747226095e+01 -1.862617244694425267e+01
8.854653769672020758e+01 8.200905061013926911e+01 -1.853610504155493999e+01
8.881955628160524441e+01 8.215389953273908930e+01 -1.844240333744402349e+01
8.908932612594963985e+01 8.230256064480694533e+01 -1.834798009638831218e+01
8.936117718390222819e+01 8.244777168023857428e+01 -1.825366067788364433e+01
8.642651511830034394e+01 8.112630163056891774e+01 -1.970980160895786071e+01
8.712352306605131957e+01 8.153661462864079112e+01 -1.998465598513480046e+01
8.783432478200897719e+01 8.192413513363628397e+01 -2.027365324413456804e+01
8.853407833735424504e+01 8.230351475670283889e+01 -2.057442512106633004e+01
8.919159657258653340e+01 8.274649209231695579e+01 -2.087818291571621288e+01
8.984312460789286092e+01 8.318409458473028906e+01 -2.119417828329832432e+01
9.048794991998664727e+01 8.361427056995866280e+01 -2.152260777407777681e+01
9.110007849519401191e+01 8.408727121563285323e+01 -2.185371521840332676e+01
9.170287264633375912e+01 8.455520740724367101e+01 -2.219263326398304415e+01
9.230800170723286158e+01 8.502806670824232071e+01 -2.251455607996617303e+01
9.290027247826469647e+01 8.552943050480234888e+01 -2.281567411842472382e+01
9.349262948482424918e+01 8.602789497853976286e+01 -2.309992720285882939e+01
9.408679947028619495e+01 8.653247574564490208e+01 -2.336689791558040241e+01
9.075445532827910711e+01 8.651855897869498335e+01 -3.375301377901802624e+01
9.071370754041750217e+01 8.667312546436602361e+01 -3.437316944558391896e+01
9.067269787774810652e+01 8.682754951057326309e+01 -3.499352440792407748e+01
9.062949309715415325e+01 8.697946077351630834e+01 -3.561115356156038558e+01
9.058594561109362076e+01 8.713124762191019101e+01 -3.622925017658078417e+01
9.054204690237327213e+01 8.728289416055604022e+01 -3.684778319030468197e+01
9.049779060512527451e+01 8.743438643003436539e+01 -3.746672245510002597e+01
9.045317158295701176e+01 8.758571171495336216e+01 -3.808603880543796549e+01
9.040805491522341697e+01 8.773689277769278760e+01 -3.870566662832937510e+01
9.034419017660344764e+01 8.791084478428700777e+01 -3.931789575209722898e+01
9.027753411580856380e+01 8.808811284930692409e+01 -3.992945550951476008e+01
9.021075985042465106e+01 8.826543641967222698e+01 -4.054142132271240939e+01
9.014386768705666952e+01 8.844280314233149909e+01 -4.115376013843721381e+01
9.100062969248037348e+01 8.663852891406263268e+01 -3.351923067607672380e+01
9.121190491845996462e+01 8.691537103415954846e+01 -3.389823362635692661e+01
9.142768264368990572e+01 8.719462430984866330e+01 -3.427368383387130990e+01
9.164135660386884297e+01 8.748207647105107299e+01 -3.464104333658884372e+01
9.185697374496308498e+01 8.777788173955818252e+01 -3.500026970455164133e+01
9.207984677696151721e+01 8.807371728071633754e+01 -3.535232846094746151e+01
9.230952200154393950e+01 8.837100607567842303e+01 -3.569905410545557345e+01
9.254162729986978775e+01 8.867182256670191975e+01 -3.604021672678614863e+01
9.277723752208717656e+01 8.898006539988530506e+01 -3.637466526254691956e+01
9.301831980034681635e+01 8.929110280630912655e+01 -3.670344230129183671e+01
9.326717752451774857e+01 8.960186450772781086e+01 -3.702822653792546248e+01
9.352621191065074413e+01 8.990971810251221541e+01 -3.734942907433335080e+01
9.379876451349311139e+01 9.022341317284750062e+01 -3.766793677537585694e+01
7.835242754100620743e+01 7.860853303430876338e+01 -2.723024614839398083e+01
7.893656270522096463e+01 7.890766599132462034e+01 -2.792028495046686487e+01
7.952081464579067926e+01 7.920796545936127586e+01 -2.860942179383724593e+01
8.010926930857743855e+01 7.950810940606527311e+01 -2.929583617642451188e+01
8.069271670447531619e+01 7.980853343339923356e+01 -2.998095575442298610e+01
8.126725589659162097e+01 8.013290882485478051e+01 -3.066146413156402417e+01
8.182871432421450208e+01 8.045517405568075731e+01 -3.134870933671719584e+01
8.235828570838755525e+01 8.082852866622990007e+01 -3.203445630277510503e+01
8.287168082440956596e+01 8.121227463011042857e+01 -3.272428268792675965e+01
8.336882189129946141e+01 8.160246495144163248e+01 -3.341775647151305151e+01
8.385263251927484873e+01 8.198849740472066117e+01 -3.412265378166742380e+01
8.430526566425751867e+01 8.238232399127147687e+01 -3.483143964200947806e+01
8.473320036047545045e+01 8.279108508575970404e+01 -3.554635606143247628e+01
7.780242306032441491e+01 7.840412767779582737e+01 -2.696116865432630050e+01
7.785290577393385547e+01 7.847486658414392480e+01 -2.737556676338219219e+01
7.419707910379183602e+01 7.810225811737093693e+01 -3.093113407571332374e+01
7.417485500305994606e+01 7.816056602100006501e+01 -3.131651550485532809e+01
7.415129164254489069e+01 7.823167139544072768e+01 -3.169581193936650365e+01
7.412482896065212401e+01 7.832219454550170212e+01 -3.207066173601130288e+01
7.409783849905340958e+01 7.841255845982774986e+01 -3.244521156833201303e+01
7.407032287241864310e+01 7.850276177016354495e+01 -3.281945438451576535e+01
7.404022485790633823e+01 7.859094561379757238e+01 -3.319495407364313877e+01
7.400999717081452900e+01 7.867549296608098075e+01 -3.357117141248959769e+01
7.397920940365756337e+01 7.875992750979231971e+01 -3.394735237402718298e+01
7.395787627095322136e+01 7.885192035685278711e+01 -3.431880215418122759e+01
7.393666214764729716e+01 7.894781249679569157e+01 -3.468861833711110876e+01
7.391606665414894906e+01 7.904355276765896576e+01 -3.505765628674662793e+01
7.403837161893842733e+01 7.805368496427956870e+01 -3.078453405789749908e+01
7.385278753785566153e+01 7.806211060458468864e+01 -3.101973364066888195e+01
7.366503470526987485e+01 7.806970158196605780e+01 -3.125186444711930989e+01
7.347405916919392155e+01 7.807613832438337909e+01 -3.147997159939185963e+01
7.327833911473639716e+01 7.810086904672064634e+01 -3.170063077954860731e+01
7.307791567930382826e+01 7.813992370280220712e+01 -3.191436537122487138e+01
7.287436915904203261e+01 7.817764480386118464e+01 -3.212408191243739708e+01
7.266829930326829867e+01 7.821421534700050415e+01 -3.233027544260582431e+01
7.245945251890729821e+01 7.824952148932339924e+01 -3.253259866446737192e+01
7.224665263098165724e+01 7.828383581554962234e+01 -3.273247006363986600e+01
7.202759978494312065e+01 7.831430266549331520e+01 -3.293173213210315708e+01
7.181302134337066434e+01 7.833666081756413746e+01 -3.312750875226638669e+01
7.159457915646437698e+01 7.838088469516350187e+01 -3.331463683709382195e+01
8.957448083193692412e+01 8.257093063924683918e+01 -1.825385826612397722e+01
8.979110125287684241e+01 8.269598409527637273e+01 -1.825392690996039136e+01
9.000734459087546213e+01 8.282083415194361464e+01 -1.825408714369928731e+01
9.022320855776288795e+01 8.294547952578595584e+01 -1.825433920719802217e+01
9.043869095293462124e+01 8.306991903803866251e+01 -1.825468368789197626e+01
9.065378967621030881e+01 8.319415158823350964e+01 -1.825512130368975150e+01
9.086265794601644075e+01 8.332396611619093107e+01 -1.825448249072038820e+01
9.106596832813440301e+01 8.346235668543566533e+01 -1.825246043212919744e+01
9.126924015715989924e+01 8.360070468100630592e+01 -1.825034100323969355e+01
9.147188216458351917e+01 8.373949162074417529e+01 -1.824807776597014097e+01
9.167426958227682121e+01 8.387844234898456364e+01 -1.824567729888061862e+01
9.187655617875988412e+01 8.401730699550907389e+01 -1.824317659619310206e+01
9.208025644922953745e+01 8.415711930517457517e+01 -1.824052133721597002e+01
8.982115821764018904e+01 8.266020789389624213e+01 -1.791292788029270255e+01
9.027585768918254416e+01 8.286836410359353522e+01 -1.756429209913299516e+01
9.072517173046354344e+01 8.307219665458718794e+01 -1.720785797383301130e+01
9.115736183263355485e+01 8.328900406456202177e+01 -1.684090122290760050e+01
9.157636381201946563e+01 8.351486349778043916e+01 -1.646412398912576691e+01
9.199075039386930541e+01 8.373627200536644466e+01 -1.607968869306653659e+01
9.239270436169888967e+01 8.395642387703519205e+01 -1.568829235192422722e+01
9.278828596147859287e+01 8.417550248171717442e+01 -1.528960214959124464e+01
9.317511938435232821e+01 8.439748824908556912e+01 -1.488448040301725506e+01
9.354904768430562001e+01 8.462918052646038802e+01 -1.447288168723758517e+01
9.391851288537220910e+01 8.486076042652463514e+01 -1.405714071975695134e+01
9.428563530076384325e+01 8.509011605428428027e+01 -1.363816202729926630e+01
9.464882741950818001e+01 8.531603457551234726e+01 -1.321603940597324467e+01
9.435417172794397800e+01 8.679548448632307611e+01 -2.362472619862653644e+01
9.462095737109240190e+01 8.706021960915582270e+01 -2.388205354608635389e+01
9.487989113840968969e+01 8.733254581729561039e+01 -2.413798383455992891e+01
9.513931966874739032e+01 8.760534821169834174e+01 -2.439422325166513161e+01
9.539922391471299079e+01 8.787860778966256703e+01 -2.465075716563931252e+01
9.565814869369957307e+01 8.815410530485696938e+01 -2.490706526297920220e+01
9.591873279665037444e+01 8.842853867200946638e+01 -2.516393225416198121e+01
9.617975039500036871e+01 8.870337850645125854e+01 -2.542102503965324445e+01
9.644311934966758315e+01 8.898032584750177421e+01 -2.567895116990079885e+01
9.670652596599906303e+01 8.925725222043250540e+01 -2.593667038635142319e+01
9.698458750488082103e+01 8.952694133267650045e+01 -2.618940052277140040e+01
9.727359055795832887e+01 8.979278021482124927e+01 -2.643634833313064902e+01
9.756882224077895671e+01 9.005757299232750768e+01 -2.667710039522484422e+01
9.428361296120382917e+01 8.669225131386323824e+01 -2.336963471330053821e+01
9.448069096769160069e+01 8.685225714185284573e+01 -2.337246102778197709e+01
9.467829483381061095e+01 8.701187107566215673e+01 -2.337076687298228705e+01
9.487576912918989080e+01 8.717082209803292869e+01 -2.336598680005906914e+01
9.507370994701292943e+01 8.732932461132739377e+01 -2.335663873753533437e+01
9.527207092131311583e+01 8.748752524540799413e+01 -2.334374102270486517e+01
9.547077924254742243e+01 8.764519204980008737e+01 -2.332633685314506522e+01
9.566930081021673971e+01 8.780285962080718321e+01 -2.330505882015782149e+01
9.586804074463702818e+01 8.796012211978593598e+01 -2.327935207785919047e+01
9.606747816033129084e+01 8.811623579144063001e+01 -2.324987612134086135e+01
9.626709058956396348e+01 8.827188902712967433e+01 -2.321700544199402927e+01
9.646679568236449143e+01 8.842691862340956277e+01 -2.318019541244720472e+01
9.666812940723671943e+01 8.858259008239168963e+01 -2.313957535517624464e+01
9.434723956051151106e+01 8.805843126142831068e+01 -2.884987835228241337e+01
9.484458538286011731e+01 8.847636547307632782e+01 -2.888492205088077824e+01
9.534174624410759691e+01 8.889537476731042887e+01 -2.892014119386929849e+01
9.584376698253019811e+01 8.931030791089386867e+01 -2.895688162995623927e+01
9.636888139567831502e+01 8.971834299079418429e+01 -2.899852428146601824e+01
9.689343274247254101e+01 9.012176604591068951e+01 -2.905407652325203571e+01
9.743545053341416917e+01 9.050495804826182678e+01 -2.912997961703009153e+01
9.801834407504590274e+01 9.084262253949287924e+01 -2.923182671286697953e+01
9.859909111294804518e+01 9.115056677175991240e+01 -2.934814319116292936e+01
9.919954679036020195e+01 9.127564512574625155e+01 -2.948433141011326342e+01
9.403012798435467801e+01 8.784248218031544297e+01 -2.901529570275717163e+01
9.421183574126300186e+01 8.803911823334914288e+01 -2.921742044297895902e+01
9.438867343023301260e+01 8.823465234170843985e+01 -2.942407529801210231e+01
9.456239956288828807e+01 8.843027664671005539e+01 -2.963366819368000904e+01
9.473343084290733884e+01 8.862476004126054363e+01 -2.984760198098577177e+01
9.490150537438904621e+01 8.881780044164676724e+01 -3.006553192404113517e+01
9.506644014507691054e+01 8.900926113116852889e+01 -3.028751532829164717e+01
9.522811458859911227e+01 8.919905567687709436e+01 -3.051360451745459912e+01
9.538837871143189773e+01 8.938613626930796840e+01 -3.074352290877147809e+01
9.555090160635366203e+01 8.956488846457587272e+01 -3.097920651173094697e+01
9.571091827308592315e+01 8.974080118587825439e+01 -3.121837642561882120e+01
9.586795640637676286e+01 8.991511606805036649e+01 -3.146029569227276568e+01
9.602519752305835254e+01 9.009842362877174082e+01 -3.170769759176065961e+01
9.788115789931465827e+01 9.039005248941479920e+01 -2.716055768046552288e+01
9.789912627081088203e+01 9.031478451853723755e+01 -2.677585519161961969e+01
9.825441851781391733e+01 9.054933949362867907e+01 -2.687278218777341721e+01
9.862719403828198494e+01 9.076092298597718866e+01 -2.696787567839495381e+01
7.137649468344429238e+01 7.846506041646686924e+01 -3.364906480719144355e+01
7.115882654265489293e+01 7.854903248585880249e+01 -3.398269591852737648e+01
7.137203586150212686e+01 7.839943859292024797e+01 -3.340754728578109223e+01
7.114915044073279660e+01 7.841759276849653304e+01 -3.349902123276014265e+01
7.092482616903851067e+01 7.843457275960903985e+01 -3.358632318859503130e+01
7.069967350060966282e+01 7.845079995326076983e+01 -3.367094003054148033e+01
8.478003098978908270e+01 8.286773629744432412e+01 -3.577436781284298917e+01
8.482701447294709851e+01 8.294450294211981145e+01 -3.600249146815570356e+01
8.487833177842986743e+01 8.302367500035923342e+01 -3.622971760459842017e+01
8.492931372704843795e+01 8.310261976801156436e+01 -3.645682006980882051e+01
8.497997212545986656e+01 8.318134154704466710e+01 -3.668378585556853011e+01
8.503031243092621594e+01 8.325984144558586308e+01 -3.691060481840693797e+01
8.508033698956309365e+01 8.333811904147795246e+01 -3.713726838123317719e+01
8.513004641881052237e+01 8.341617309123577684e+01 -3.736376897318262991e+01
8.517944029599986777e+01 8.349400188206600149e+01 -3.759009974550693300e+01
8.522851753914842732e+01 8.357160342558852051e+01 -3.781625440997615328e+01
8.527727663411681647e+01 8.364897557255908112e+01 -3.804222713854301219e+01
8.531551184963383605e+01 8.374188093629639695e+01 -3.826392193264381092e+01
8.535229353133482277e+01 8.383664389423762486e+01 -3.848499514731079074e+01
8.505434552210752486e+01 8.303994868163593424e+01 -3.582980034601031605e+01
8.538148694399437488e+01 8.328569617125995705e+01 -3.610564424244379467e+01
8.568819345684647715e+01 8.355821896868583565e+01 -3.636830862278088006e+01
8.599473259315385576e+01 8.383911134111217223e+01 -3.662295761623057899e+01
8.630511859420705889e+01 8.412146968321542317e+01 -3.687190139364042096e+01
8.662991420078027716e+01 8.439127567584874612e+01 -3.711529969618241864e+01
8.694436231292789330e+01 8.467766851990684529e+01 -3.734698425884008088e+01
8.725834681572067097e+01 8.497177663177873796e+01 -3.757073826496424829e+01
8.757492001426020067e+01 8.526576368357649471e+01 -3.778646667539381099e+01
8.790020891594849672e+01 8.555577120516612410e+01 -3.799763540895148850e+01
8.821982584583335552e+01 8.585657797805745872e+01 -3.820065534705998544e+01
8.853281706904289194e+01 8.615675724858429874e+01 -3.840535261510692777e+01
8.884252756231124692e+01 8.645560590484666363e+01 -3.861435988855373580e+01
9.491883166798618277e+01 8.550686117214613091e+01 -1.304074649188357427e+01
9.518545273215207203e+01 8.570236846275471976e+01 -1.286476655168873506e+01
9.545228764843442093e+01 8.589805009008441061e+01 -1.268878852982586558e+01
9.571887554767621964e+01 8.609375510927542052e+01 -1.251275960745456040e+01
9.598469007851178958e+01 8.629074679885985688e+01 -1.233660168990116723e+01
9.625064801048395680e+01 8.648786301587556125e+01 -1.216049630432630124e+01
9.651686408596883382e+01 8.668516160738188603e+01 -1.198414763855356924e+01
9.678102458056211788e+01 8.688288617672584735e+01 -1.180792863307195084e+01
9.704024255481809291e+01 8.708692980976442755e+01 -1.163085635200832257e+01
9.729946525700472648e+01 8.729092353310161911e+01 -1.145332904249480599e+01
9.755893128693389826e+01 8.749511871532054386e+01 -1.127571911048536535e+01
9.781863052825480054e+01 8.769950735109073037e+01 -1.109803311066728071e+01
9.808234369451947998e+01 8.790280565484810893e+01 -1.092085694518201322e+01
9.477894462976721002e+01 8.538159281134504397e+01 -1.294528738211983665e+01
9.490021787187448865e+01 8.544650155328581320e+01 -1.267167391357413919e+01
9.501904599447325950e+01 8.550953656261543756e+01 -1.239649158362372638e+01
9.513450083196890716e+01 8.556957066425671599e+01 -1.211923028727327711e+01
9.524659319845500249e+01 8.562648987184424243e+01 -1.183888752837543734e+01
9.535566477217352599e+01 8.568073066750847033e+01 -1.155675583076041946e+01
9.546129999219826345e+01 8.573194062623790046e+01 -1.127272001558155701e+01
9.556323660074409077e+01 8.577990376062467703e+01 -1.098675985561717638e+01
9.566197772365752883e+01 8.582506574941832866e+01 -1.069916985992516523e+01
9.575726729042983720e+01 8.586721507900138306e+01 -1.040992520145141320e+01
9.584951560707371243e+01 8.590671439032142587e+01 -1.011925939290273924e+01
9.593848779242239289e+01 8.594337022248217295e+01 -9.827154155047578499e+00
9.602400360363331799e+01 8.597703746983293627e+01 -9.533622828731225241e+00
9.228014702742927966e+01 8.428233077091626058e+01 -1.816581566510281220e+01
9.247993754760089757e+01 8.440748596839421225e+01 -1.809118593486427073e+01
9.267962387435728999e+01 8.453258233207230887e+01 -1.801663384163514081e+01
9.287920204582817973e+01 8.465761744746154704e+01 -1.794216127048840548e+01
9.307196651052456104e+01 8.478940848157087373e+01 -1.786635730216919882e+01
9.326445695627788268e+01 8.492179463365719982e+01 -1.779037853790164192e+01
9.345588963630646617e+01 8.505515581956092319e+01 -1.771418902874583523e+01
9.364689592680359453e+01 8.518919421228024191e+01 -1.763777070310309369e+01
9.383795329324259171e+01 8.532324956614057498e+01 -1.756122371929086867e+01
9.402905674006785830e+01 8.545731824722840031e+01 -1.748454934061820154e+01
9.422051895880142069e+01 8.559166548670887664e+01 -1.740788498189867539e+01
9.441201934201734502e+01 8.572605138369912936e+01 -1.733127342273941451e+01
9.460355299989814171e+01 8.586047246542899813e+01 -1.725471638247662653e+01
9.233567925094781970e+01 8.434868127380296698e+01 -1.833493670417084687e+01
9.258945050321418080e+01 8.453990063593921889e+01 -1.843413147604258739e+01
9.283887227959129973e+01 8.473093171382275557e+01 -1.853767576664628791e+01
9.307930815468843377e+01 8.493169498014448493e+01 -1.864416783923557475e+01
9.331814879708946364e+01 8.513202870266604805e+01 -1.875508729457031620e+01
9.355405419838992032e+01 8.533260116198600542e+01 -1.887032590017338407e+01
9.378748978857544216e+01 8.553353808356798993e+01 -1.898971784792944462e+01
9.401963271957075108e+01 8.573426395131734523e+01 -1.911361667243884810e+01
9.424981670487787255e+01 8.593434061938449986e+01 -1.924245757091211217e+01
9.447800940672523495e+01 8.613372665274761175e+01 -1.937614605595945250e+01
9.470137898348500016e+01 8.633311492395536391e+01 -1.951405834705424169e+01
9.491985480056459323e+01 8.653554088021168411e+01 -1.965569942494216349e+01
9.513654282298139719e+01 8.673724571157082153e+01 -1.980135367563477899e+01
9.706644211583895299e+01 8.886129582268122817e+01 -2.289416269050212094e+01
9.746411564534058414e+01 8.914057853014672617e+01 -2.264883641293910443e+01
9.787418857012286821e+01 8.940769335820156982e+01 -2.240647045049995967e+01
9.830092293339868093e+01 8.967478750603410731e+01 -2.216572698466988456e+01
9.872511545077513517e+01 8.994013504188542640e+01 -2.192540838528322666e+01
9.914724868863291363e+01 9.020328177329039931e+01 -2.168560933813134284e+01
9.958116845891940727e+01 9.046474718539495541e+01 -2.144984079174292191e+01
1.000461665472701185e+02 9.066887130936044059e+01 -2.122132640949570614e+01
9.719530710453872757e+01 8.902409647872423193e+01 -2.322432844253409812e+01
9.773406223087417288e+01 8.944921415053578073e+01 -2.332325833891006184e+01
9.829723109308534390e+01 8.986837644610180575e+01 -2.343776900623365833e+01
9.885493221955104559e+01 9.028537269519354425e+01 -2.356350803631245228e+01
9.945305089923179764e+01 9.062390446847581416e+01 -2.371008978634034392e+01
1.000765841252700312e+02 9.094371079959458370e+01 -2.387381974362356729e+01
1.007069908131059037e+02 9.116218721626886179e+01 -2.405066966003107609e+01
1.013558779663610636e+02 9.123956078985112583e+01 -2.423894673229171559e+01
1.018449812718697416e+02 9.109374094721954407e+01 -2.439955434603457718e+01
9.019320584016070086e+01 8.861283173617681541e+01 -4.149064167326898200e+01
9.024256565841358224e+01 8.878291874136463946e+01 -4.182762854451539880e+01
9.029115269418753087e+01 8.895218394478554558e+01 -4.216416503381459790e+01
9.033933377633833572e+01 8.912395149564633812e+01 -4.250059035942094710e+01
9.038649492339696678e+01 8.929715300488157936e+01 -4.283693260777982914e+01
9.043368665804177908e+01 8.947053383538764137e+01 -4.317366355270482359e+01
9.048090765682221104e+01 8.964408696645708119e+01 -4.351076825546039117e+01
9.052879103409587458e+01 8.981717211376336252e+01 -4.384849976354281864e+01
9.057752472392836296e+01 8.998947256753228885e+01 -4.418693566099906178e+01
9.062886435306766941e+01 9.015888086975061810e+01 -4.452686298526389663e+01
9.068037189206999926e+01 9.032815478083466587e+01 -4.486712929237722847e+01
9.073596428574226991e+01 9.050158685884606768e+01 -4.520961419609025711e+01
9.078959689532803168e+01 9.067660288337630448e+01 -4.555150243028660384e+01
8.988169783862807094e+01 8.850809033421894867e+01 -4.190281850862365332e+01
8.960734722338452229e+01 8.855778419775286636e+01 -4.264523175251211029e+01
8.932565710877707943e+01 8.859895199546690492e+01 -4.338612016598318633e+01
8.903500749762974920e+01 8.863136152767312126e+01 -4.412455494028992575e+01
8.873596693363913346e+01 8.865572993750805608e+01 -4.486110881251779148e+01
8.842455961413652687e+01 8.867645283910854914e+01 -4.559316193641313220e+01
8.810145371480861343e+01 8.869201492925614616e+01 -4.632085082107184348e+01
8.777036076723454983e+01 8.869945868218486851e+01 -4.704569064723342819e+01
8.742670804289710418e+01 8.869677211418587603e+01 -4.777843986975102553e+01
8.707701832454183943e+01 8.868601007898892874e+01 -4.850720089134876645e+01
8.672179358990406683e+01 8.866870989181121843e+01 -4.923218680704186312e+01
8.636214064946936730e+01 8.864624528895340916e+01 -4.995431199330796090e+01
8.603833555585457304e+01 8.857428508321157778e+01 -5.068874477032441916e+01
9.631113770204888169e+01 9.038317593099552028e+01 -3.194103089684259089e+01
9.661711652864975974e+01 9.063635607267694638e+01 -3.218192487816701686e+01
9.693500878382208441e+01 9.086721119267900804e+01 -3.242824124221527171e+01
9.726426038943166930e+01 9.110491308397268995e+01 -3.267748204828133396e+01
9.761067761123020148e+01 9.128373181896985500e+01 -3.293379786889947525e+01
9.797461931683199055e+01 9.137066455873156201e+01 -3.320094202539752359e+01
9.830500176266130552e+01 9.145089693222483618e+01 -3.345569061243754305e+01
9.859733748503794004e+01 9.137740430354089938e+01 -3.370247578234086205e+01
9.884405526164994171e+01 9.123480501903483741e+01 -3.393854077225702071e+01
9.905838507397366755e+01 9.110828046981403361e+01 -3.416579339709385010e+01
9.622433005418166374e+01 9.049616502762224002e+01 -3.252976683678939906e+01
9.644691844986090246e+01 9.082848175119214318e+01 -3.337315639356888397e+01
9.666148644134609924e+01 9.114761664466624325e+01 -3.422381537558383968e+01
9.691628628391887901e+01 9.139765152497342626e+01 -3.509835857155173500e+01
9.717740443544383311e+01 9.154301554772328586e+01 -3.598999853723081799e+01
9.739721770849028815e+01 9.152160866266906680e+01 -3.688019104268708759e+01
9.749097241503874045e+01 9.141026136001777047e+01 -3.772993151176209636e+01
9.752604357714203331e+01 9.120426668482055277e+01 -3.855126277454353811e+01
9.415803831405318647e+01 9.056084910636820950e+01 -3.785203248807172827e+01
9.454196371374105468e+01 9.086360106304579176e+01 -3.804657144665310398e+01
9.494517318776333070e+01 9.116544439886826012e+01 -3.824832702794655148e+01
9.536743745118072013e+01 9.140895840103253533e+01 -3.845973333061640176e+01
9.581300850487653520e+01 9.157990835798929652e+01 -3.868225514515156505e+01
9.402744881144820965e+01 9.057491643919587432e+01 -3.822141491456309126e+01
9.427234010184224644e+01 9.088672728922576027e+01 -3.879094771282670706e+01
9.452767511793642541e+01 9.121385026466393242e+01 -3.937365875510068491e+01
9.479917506561926643e+01 9.146752962299322576e+01 -3.997323029758826607e+01
9.508261870898208201e+01 9.165264993751384281e+01 -4.058843186427998262e+01
8.529914845573921411e+01 8.396769412655790177e+01 -3.902469920029538031e+01
8.524503762504461690e+01 8.409395808095574409e+01 -3.956566134910735144e+01
8.519003989808329891e+01 8.421912276149033971e+01 -4.010681014047669635e+01
8.513622665673295842e+01 8.434462416942567131e+01 -4.064605631866658797e+01
8.508285177491309526e+01 8.447060560198579537e+01 -4.118574134846490864e+01
8.502991471927440159e+01 8.459706033417869264e+01 -4.172584494681039047e+01
8.497741653163527076e+01 8.472398308195927541e+01 -4.226634749444475858e+01
8.492535906615889019e+01 8.485136941185386661e+01 -4.280723005999198705e+01
8.487374460889101613e+01 8.497921544261102156e+01 -4.334847439943825265e+01
8.481720784586825346e+01 8.511647213928526412e+01 -4.388616549407553435e+01
8.474167621664520311e+01 8.524836297883985026e+01 -4.442218345005442615e+01
8.465734276524494817e+01 8.537385595469923771e+01 -4.495822692434776968e+01
8.456433243821359724e+01 8.549296117265113537e+01 -4.549406403042185332e+01
8.554941158613200969e+01 8.409820432818099789e+01 -3.888014862218740575e+01
8.575112035442100478e+01 8.436086600775442434e+01 -3.926850583266981687e+01
8.595902182592384122e+01 8.462632013689803046e+01 -3.965188514604119518e+01
8.617244869080641934e+01 8.489429154753206319e+01 -4.003090548858292408e+01
8.637641068291520696e+01 8.517914174156956619e+01 -4.039922395329747218e+01
8.659070266812068439e+01 8.546423911520912498e+01 -4.076199493451711220e+01
8.681311501726518998e+01 8.574793848895062354e+01 -4.112141675746126168e+01
8.704112441632373987e+01 8.603411775077884727e+01 -4.147583275000182823e+01
8.726222738171000515e+01 8.633042574907234723e+01 -4.181845630498509792e+01
8.748499933785325311e+01 8.663356684572401889e+01 -4.215481997003651315e+01
8.770863642709669250e+01 8.692741491385950781e+01 -4.249610716438116498e+01
8.793006271210390423e+01 8.721763862761117991e+01 -4.284009197493040944e+01
8.813633893122332097e+01 8.751866642132996787e+01 -4.318202487253351762e+01
9.477615602715626153e+01 8.596957177600394573e+01 -1.711673845427117158e+01
9.494875548060186077e+01 8.607867523271136179e+01 -1.697880009541938406e+01
9.512016075384498492e+01 8.618858441365526346e+01 -1.684066854948114056e+01
9.528954967720493130e+01 8.630098669239889375e+01 -1.670213229457946369e+01
9.545806227881067230e+01 8.641468347532699568e+01 -1.656332347361562896e+01
9.562667585811288973e+01 8.652844830090457151e+01 -1.642443098687693137e+01
9.579538656984431100e+01 8.664227858468125021e+01 -1.628545805724224849e+01
9.596419072186830590e+01 8.675617185063373427e+01 -1.614640780981436308e+01
9.613308476702508187e+01 8.687012572361639684e+01 -1.600728326726711614e+01
9.629947937581860629e+01 8.698672246468176183e+01 -1.586822224882791765e+01
9.646444214562387742e+01 8.710525588185699064e+01 -1.572884187016272328e+01
9.662950294940958429e+01 8.722386492459766316e+01 -1.558942056313721558e+01
9.679465801257025248e+01 8.734254690995588533e+01 -1.544996175369503888e+01
9.489970922871437153e+01 8.608901812199445658e+01 -1.725498288052818197e+01
9.519156277417691570e+01 8.632205950736134525e+01 -1.725921868838966944e+01
9.547967055527271896e+01 8.655942436046872501e+01 -1.726816879335376598e+01
9.576645370725572093e+01 8.679820167386756680e+01 -1.728334084322132469e+01
9.605255123137823148e+01 8.703747909105420888e+01 -1.730442249541615851e+01
9.633766458370980956e+01 8.727702924701488030e+01 -1.733151568043020418e+01
9.662208470948958450e+01 8.751699666205888661e+01 -1.736409324527323150e+01
9.690577672674231735e+01 8.775732159078934558e+01 -1.740198288743361843e+01
9.719076568914030645e+01 8.799572989997793115e+01 -1.744618734643542979e+01
9.747392951089216240e+01 8.823524073206905882e+01 -1.749596271659143909e+01
9.775604029569554143e+01 8.847502105114182314e+01 -1.755125051143305370e+01
9.803800465177029366e+01 8.871572720186358652e+01 -1.761243513170888875e+01
9.831879098799117855e+01 8.895624049880362350e+01 -1.767794974764380811e+01
8.900484084888300629e+01 8.665548617702243916e+01 -3.885267351913881129e+01
8.916032548055063955e+01 8.686472365696644715e+01 -3.908836464533321475e+01
8.931505574425140992e+01 8.707569518463763814e+01 -3.932390237076604222e+01
8.947009425158779550e+01 8.728701353420865416e+01 -3.955970841020847928e+01
9.840830784896017747e+01 8.812482172972690364e+01 -1.052522233953693132e+01
9.873023349237539037e+01 8.834950545110379494e+01 -1.012947438148630752e+01
9.904446950108020076e+01 8.858347389519158810e+01 -9.732648333122318363e+00
9.935895524776280752e+01 8.881763396684738154e+01 -9.335560881160455793e+00
9.967460964730177864e+01 8.905299920122740787e+01 -8.940180022170112650e+00
9.999055427359347448e+01 8.928861032740029202e+01 -8.544715722407108416e+00
1.003067842495262170e+02 8.952446478331272317e+01 -8.149184297675702737e+00
1.006180231849433682e+02 8.976679683537699361e+01 -7.753273824833256000e+00
1.009249721667403747e+02 9.001487307992559295e+01 -7.357048643568695034e+00
1.012322572531261784e+02 9.026322412512807603e+01 -6.960839736568373404e+00
1.015472500173860482e+02 9.051791332210709129e+01 -6.570176220004991130e+00
1.018619148357385740e+02 9.077233072337105568e+01 -6.178974801281611917e+00
1.021762553954723529e+02 9.102647951934305581e+01 -5.787260677366768746e+00
9.880214383884687379e+01 8.847750858784981176e+01 -1.074596728470110918e+01
9.950570153926427963e+01 8.907757626502588266e+01 -1.058154874037924920e+01
1.002277616229338122e+02 8.967165765133476896e+01 -1.043572885508610248e+01
1.009770706377027381e+02 9.022857479794744506e+01 -1.030749194311382766e+01
1.017048633180086483e+02 9.082235264866882574e+01 -1.019331927979947849e+01
1.025203201195414096e+02 9.131588845859664616e+01 -1.009957907534435684e+01
1.033033103659903986e+02 9.184965852289759880e+01 -1.002016919601013889e+01
1.041277510767382637e+02 9.230048903519183057e+01 -9.945075436099983790e+00
1.049822708803088176e+02 9.233668098710454331e+01 -9.797169856865036053e+00
1.051488267907646730e+02 9.228255152242981296e+01 -9.561510961455960356e+00
1.052946461587350910e+02 9.221523580019184863e+01 -9.329687836366289844e+00
1.054384676641769687e+02 9.214677512625064537e+01 -9.107997033456861402e+00
1.055808117134009620e+02 9.207685632855262270e+01 -8.895856626845990434e+00
9.103548416429467238e+01 9.099084626028709977e+01 -4.600978012780953463e+01
9.130691571449807498e+01 9.127270937586320088e+01 -4.647932967527811599e+01
9.073510099392311190e+01 9.085575856499052350e+01 -4.622592120908807090e+01
9.067546900492995121e+01 9.102010623990629767e+01 -4.690363873536637129e+01
9.635190391326322867e+01 8.617425218253590913e+01 -8.951667485831139359e+00
9.667232394906362458e+01 8.638022778186432049e+01 -8.368509169426081584e+00
9.698752197852712698e+01 8.659276248995871583e+01 -7.784682887504614790e+00
9.729500568170260522e+01 8.681458804914231564e+01 -7.199727644729192022e+00
9.760102644384150494e+01 8.703519463148067814e+01 -6.615432574490029971e+00
9.790734169398767506e+01 8.725602002550878922e+01 -6.030659831400868143e+00
9.819950334472811448e+01 8.747305761115249823e+01 -5.438308299701222204e+00
9.847197489308038598e+01 8.769295268480385630e+01 -4.838237629316711086e+00
9.873528168205355371e+01 8.790372899559196185e+01 -4.231796913304513907e+00
9.898786882954752286e+01 8.810408564709841528e+01 -3.621700638955462903e+00
9.923535508673641914e+01 8.829402669174750429e+01 -3.005631881152759810e+00
9.947735189325922533e+01 8.847213677811852506e+01 -2.383647926384169669e+00
9.971045712382182558e+01 8.864214106511266777e+01 -1.755840835217857832e+00
9.603383045308098076e+01 8.595511627394482446e+01 -9.289335404651376749e+00
9.604361210322406350e+01 8.593314525128022296e+01 -9.044941607874301681e+00
9.604951763633724227e+01 8.590805166515153246e+01 -8.800817799683285259e+00
9.605182676429915034e+01 8.588005941958628853e+01 -8.556932828234698363e+00
9.605147858153543439e+01 8.584992493461986385e+01 -8.313220419232763447e+00
9.604917711136810965e+01 8.581821497351241135e+01 -8.069628339558574837e+00
9.604073705691696716e+01 8.578684325195450810e+01 -7.826265006449657058e+00
9.602791464910171726e+01 8.575475952920059797e+01 -7.583076504249736338e+00
9.601259182784453117e+01 8.572066749667331464e+01 -7.340194381258945633e+00
9.599387725751714129e+01 8.568386550088609965e+01 -7.097888062052595259e+00
9.597210659844387237e+01 8.564462559805151898e+01 -6.856144020962399388e+00
9.594761655460402494e+01 8.560321944653628634e+01 -6.614934716482810728e+00
9.592071684921387487e+01 8.555989616046993262e+01 -6.374226098739559809e+00
8.557286939287014604e+01 8.832986849956827768e+01 -5.130987436342752517e+01
9.532046231151203131e+01 8.689365718710890008e+01 -1.984319179113521159e+01
9.550344032367480906e+01 8.705072963743567982e+01 -1.988722891853269914e+01
9.568585104239238603e+01 8.720877819790204910e+01 -1.993114745556469458e+01
9.586838527954516564e+01 8.736694108874515052e+01 -1.997513630869289614e+01
9.605103720858241445e+01 8.752521390412681512e+01 -2.001919764238424904e+01
9.623380153609447518e+01 8.768359241137572724e+01 -2.006333214624718408e+01
9.641761146666648585e+01 8.784225855758727164e+01 -2.010772141281893965e+01
9.660252646728682180e+01 8.799977249531099233e+01 -2.015238918839375870e+01
9.678753686972490300e+01 8.815736611994455529e+01 -2.019707111043301850e+01
9.697216026633219599e+01 8.831447596166243841e+01 -2.024079045586443115e+01
9.715674068914212569e+01 8.847158236845456258e+01 -2.028468646822943455e+01
9.734154908295134589e+01 8.862872593951797739e+01 -2.032478267188380627e+01
9.752673626734456036e+01 8.878606957395665233e+01 -2.036075737856890200e+01
9.544521734256070999e+01 8.706550893574195982e+01 -2.023518883367155041e+01
9.574566872549102925e+01 8.739209835879275090e+01 -2.067557785306427576e+01
9.604028280993010469e+01 8.771512744208899903e+01 -2.112272303343698709e+01
9.874114100877062583e+01 8.928740907078072553e+01 -1.761991501439294794e+01
9.918240351619742512e+01 8.959305902615984962e+01 -1.756560380357955609e+01
9.962365773865312235e+01 8.989743796822207855e+01 -1.751190232069425434e+01
1.000682192795555068e+02 9.020428047660111304e+01 -1.745898000542504391e+01
1.005102747552326150e+02 9.050898992464664161e+01 -1.740373961997634922e+01
1.009979911015904435e+02 9.074858538327129054e+01 -1.735671010341791742e+01
1.014904480016066231e+02 9.096715362578706277e+01 -1.731222036307638135e+01
1.019768345139803642e+02 9.118307813237014159e+01 -1.726880676912040613e+01
1.024324772444104497e+02 9.138319089737981926e+01 -1.720552768248678532e+01
1.029271593185101494e+02 9.134991115718037236e+01 -1.712978548790597344e+01
1.033619225570576248e+02 9.123986456743625695e+01 -1.703610650205900257e+01
1.037350937934511705e+02 9.114756686098357363e+01 -1.693120883545318023e+01
1.039990164589749071e+02 9.108893924832113953e+01 -1.678159004767501017e+01
9.859662668106651040e+01 8.921817501796664374e+01 -1.787788949046981912e+01
9.888647290224986364e+01 8.946328182749813607e+01 -1.808836631305453579e+01
9.917709783808112434e+01 8.970311484137307900e+01 -1.830390579513272797e+01
9.946438854460188850e+01 8.994088430572037396e+01 -1.852578980985699886e+01
9.974757459825620742e+01 9.017679901095540629e+01 -1.875450872806110425e+01
1.000237162659999086e+02 9.040785383919333640e+01 -1.898408086708092668e+01
1.003316860071766286e+02 9.061237483054924269e+01 -1.922612130447163636e+01
1.006485503207786252e+02 9.079117955035833631e+01 -1.947546918410360917e+01
9.783828130843028248e+01 8.907410191669417543e+01 -2.055289728689761120e+01
9.816122008122391662e+01 8.935648036648244386e+01 -2.074790028190140490e+01
9.771769975004582420e+01 8.893454678536694757e+01 -2.032014268702435089e+01
9.790854067644494307e+01 8.908295939905364946e+01 -2.027972721815919499e+01
9.809895784205781410e+01 8.923026530700430214e+01 -2.023501692701790589e+01
9.830202436076558570e+01 8.937089089226186900e+01 -2.019056524635400152e+01
9.850615310121587243e+01 8.950845813030277043e+01 -2.013895228169046092e+01
9.870867348083888260e+01 8.964438129539065869e+01 -2.008411463183524148e+01
9.890964818042596107e+01 8.977882656015567875e+01 -2.002683985309286996e+01
9.910946768423323761e+01 8.991168598498184394e+01 -1.996772704313355362e+01
9.931247387273407412e+01 9.004592980123700841e+01 -1.990545760468183900e+01
9.951544192358534247e+01 9.018062370082469670e+01 -1.984628308202614733e+01
9.971841690054267815e+01 9.031588968603675482e+01 -1.979078775632355303e+01
9.991696912896784966e+01 8.882640227062569238e+01 -1.434376709394766580e+00
1.001175608348343644e+02 8.901678289561556312e+01 -1.112333867455906011e+00
1.003180733593943472e+02 8.920707447084143382e+01 -7.900543929462139348e-01
1.005184962098444146e+02 8.939726693690309389e+01 -4.675524954586969262e-01
1.007205826897078396e+02 8.958926807495198830e+01 -1.483919499762098582e-01
9.974902355544658406e+01 8.865679755999256884e+01 -1.404611724920981519e+00
9.977809726271563306e+01 8.867148208466849724e+01 -1.052320331473239889e+00
9.980372418275915436e+01 8.868389405295459937e+01 -6.994694366713848366e-01
9.982528274803263457e+01 8.869217610105671667e+01 -3.461189246499056238e-01
9.579100598937067446e+01 8.542504430786620162e+01 -6.045541568129490173e+00
9.566131033865886479e+01 8.529019356349439818e+01 -5.716730376630470012e+00
9.553163272864426858e+01 8.515534685670670001e+01 -5.387799537124580596e+00
9.540197618796041468e+01 8.502050723546848587e+01 -5.058755592644336829e+00
9.527202126990734143e+01 8.488545591451679684e+01 -4.730062284024544539e+00
9.514194837628082269e+01 8.475029832742711733e+01 -4.401254121697023791e+00
9.501175960938581966e+01 8.461503676419143005e+01 -4.072337605415012440e+00
9.488166580364553226e+01 8.447981020921366735e+01 -3.742945843426410235e+00
9.475152070818516847e+01 8.434452866447654173e+01 -3.413405382789199471e+00
9.462132647723193202e+01 8.420919438712999749e+01 -3.083721879353711781e+00
9.449053947855178137e+01 8.407464730610807635e+01 -2.753840002476773741e+00
9.435936185144269928e+01 8.394051401902666498e+01 -2.423779472224308673e+00
9.422816419423006096e+01 8.380635275883624047e+01 -2.093583170993361886e+00
9.599143260689668011e+01 8.556293805630242844e+01 -5.698304723423112783e+00
9.606420174139346102e+01 8.557396698245160849e+01 -5.022578568604851412e+00
9.614524002168299432e+01 8.559232464812374985e+01 -4.347999909131925023e+00
9.623187128227969822e+01 8.561576491788417798e+01 -3.675809605916863010e+00
9.632683757542824310e+01 8.564659617442821116e+01 -3.004825371776179477e+00
9.642946704197764518e+01 8.568423186828722748e+01 -2.335068174473371894e+00
9.654028439602964795e+01 8.572915612029680688e+01 -1.666855575208610052e+00
9.665879484792216658e+01 8.578093915975362904e+01 -1.000231143745605733e+00
9.678459343238378665e+01 8.583923004653384226e+01 -3.352409275666794475e-01
8.461724943289583223e+01 8.580534842703856668e+01 -4.627963315518039167e+01
8.467821707657671482e+01 8.613458143441172865e+01 -4.707286993686182797e+01
8.473508669113383007e+01 8.646267105717518575e+01 -4.786346824044228754e+01
8.477304380535662176e+01 8.677662529593641239e+01 -4.865486801326245825e+01
8.427692881583057272e+01 8.550586090065642964e+01 -4.613113146768871076e+01
8.396991698686269956e+01 8.553473607277005897e+01 -4.676794969550857672e+01
8.365842030152066400e+01 8.556292668534592849e+01 -4.739972930832815479e+01
8.334218038741742873e+01 8.558204494581613631e+01 -4.802705433127258061e+01
8.304270857968428743e+01 8.561348447735055345e+01 -4.866198012365389047e+01
8.272261405697295800e+01 8.565202906777150815e+01 -4.928632440354981270e+01
8.241080160670450994e+01 8.566174046359611793e+01 -4.990978500839810295e+01
8.211102101465539249e+01 8.561640861537020442e+01 -5.053625882467322583e+01
8.180906195998667840e+01 8.556656709755240797e+01 -5.115639453224551403e+01
8.154185243336225142e+01 8.556061455181119868e+01 -5.205015043139635367e+01
8.123374935720512724e+01 8.551395784029315905e+01 -5.274032296301427891e+01
9.699141674012223291e+01 8.746824945527339423e+01 -1.515698240492353399e+01
9.718529950070463030e+01 8.759663581044455327e+01 -1.486372905644588016e+01
9.737657398195989344e+01 8.772786404301727714e+01 -1.457019947730673692e+01
9.757166301751675519e+01 8.785653676716493976e+01 -1.427742449433562300e+01
9.776782007076553782e+01 8.798414108159619218e+01 -1.398489522851460976e+01
9.796408326064887717e+01 8.811184079415428982e+01 -1.369244685147092255e+01
9.816045107029184180e+01 8.823963539917170351e+01 -1.340008599137430600e+01
9.836154672985534830e+01 8.837166077075528392e+01 -1.311115827136735135e+01
9.856642565137643430e+01 8.850730563006473517e+01 -1.282710135790779660e+01
9.877502461270590572e+01 8.864653205194517227e+01 -1.254803859511553377e+01
9.897914608329483599e+01 8.879353333902346890e+01 -1.227248362897705114e+01
9.918395110461288766e+01 8.894472550716128012e+01 -1.200152017718187203e+01
9.939249382342573824e+01 8.909953302950448517e+01 -1.173374360023263208e+01
9.698097583329564486e+01 8.748679189330883332e+01 -1.537634135615617303e+01
9.716679396360193266e+01 8.763321997375783212e+01 -1.530727301027180509e+01
9.735153279252564573e+01 8.778340275540084292e+01 -1.524156918554264983e+01
9.754035136303359366e+01 8.793059028684544387e+01 -1.518103141296237446e+01
9.772971097314909628e+01 8.807860572418424283e+01 -1.512400616022556399e+01
9.791963285291461716e+01 8.822754535465253412e+01 -1.507121026729272018e+01
9.810999848931247413e+01 8.837723096245650822e+01 -1.502190277320770306e+01
9.830197178502237421e+01 8.852863318009049465e+01 -1.497628542684275210e+01
9.849412262408560537e+01 8.868057506641088139e+01 -1.493425280722195048e+01
9.868643304722439780e+01 8.883308879337351982e+01 -1.489622969296051558e+01
9.887883597777265265e+01 8.898606950900240520e+01 -1.486176055120582440e+01
9.906877462581758209e+01 8.914153550501022494e+01 -1.483104401872274281e+01
9.925446428374820584e+01 8.930157950043846427e+01 -1.480349723122610683e+01
1.022697182516202901e+02 9.110134623900141548e+01 -5.571201729199152020e+00
1.023639002641126865e+02 9.118240317937018347e+01 -5.354401199745005613e+00
1.024470530404998243e+02 9.127255389115256889e+01 -5.137613343111710584e+00
1.025940045552748501e+02 9.142078929737807869e+01 -5.492333588684096490e+00
1.030172160260677003e+02 9.186529253734569522e+01 -5.222368703252078248e+00
1.034951539258155151e+02 9.221986420790678096e+01 -4.948882208819242123e+00
1.039726735344455761e+02 9.257392156580313269e+01 -4.678125822115634769e+00
1.044297005654100445e+02 9.295133013694989188e+01 -4.411143776822107121e+00
1.048899798506143810e+02 9.335258932672445553e+01 -4.158017534993472708e+00
1.054081193119368578e+02 9.365279045709685590e+01 -3.893317682708915761e+00
1.056381478517677834e+02 9.205920997078753487e+01 -8.775017824544478984e+00
1.056969277522263440e+02 9.204204400617405213e+01 -8.648024531341450327e+00
1.057570836452730987e+02 9.202540202723993445e+01 -8.514943072806795854e+00
1.058185465694858749e+02 9.200932707835993085e+01 -8.375845365420234501e+00
1.058812493390105089e+02 9.199385947990633383e+01 -8.230806910825007705e+00
1.059451268617088431e+02 9.197903666900063513e+01 -8.079906331692766841e+00
1.060101161839357360e+02 9.196489324670211829e+01 -7.923225072194775898e+00
1.060801992081676133e+02 9.195409726913540283e+01 -7.756241175498887586e+00
1.061637516515060042e+02 9.196062598976662628e+01 -7.593611036752425214e+00
1.062295541569655200e+02 9.195289605567074886e+01 -7.420793175783812146e+00
1.062741525297534366e+02 9.193330177459539243e+01 -7.236877273088717644e+00
1.063188018414246869e+02 9.191618146366616315e+01 -7.047914980997937562e+00
1.063663621131032500e+02 9.189952982694052253e+01 -6.854210839251578591e+00
1.056893631326460650e+02 9.199389833237229652e+01 -8.833808476104705321e+00
1.057984676358171470e+02 9.190850781968413230e+01 -8.778207141819374115e+00
1.059077253104240697e+02 9.182094571557659890e+01 -8.729431624052875094e+00
1.060189084256472967e+02 9.173076785215759799e+01 -8.683405962733552030e+00
1.061168482790075700e+02 9.162047953447707016e+01 -8.636833057582087747e+00
1.061984562234610792e+02 9.148773856099853674e+01 -8.588562009434342670e+00
1.062757639192748798e+02 9.134435864561480400e+01 -8.542958377479134668e+00
1.063548430073708744e+02 9.119485834934711477e+01 -8.502774947172406783e+00
1.064359460984176025e+02 9.103916627819440066e+01 -8.466957108538498034e+00
1.065188781135912279e+02 9.087757334566069289e+01 -8.435781604162606584e+00
1.066036545336119445e+02 9.071011672056461350e+01 -8.409089065722398004e+00
1.066500881449408666e+02 9.061214171870187783e+01 -8.408735311210604024e+00
1.067005959070735628e+02 9.050442157018251521e+01 -8.410970017118486908e+00
8.837309886744733944e+01 8.778941650718543599e+01 -4.337067291113202572e+01
