7.094530000000000314e+01 7.563710000000000377e+01 0.000000000000000000e+00
7.068847390738557124e+01 7.557967802153576997e+01 -4.128979672693140479e-01
7.062515012797454972e+01 7.556549870031933835e+01 -6.495340922720805876e-01
7.056175380143396580e+01 7.555130313710499479e+01 -8.864246777887299089e-01
7.049828780411604612e+01 7.553709197661063968e+01 -1.123554797951065387e+00
7.043475558609314646e+01 7.552286599152671442e+01 -1.360910548103465567e+00
7.037116050789380495e+01 7.550862593442015225e+01 -1.598478826663367602e+00
7.030750576900423710e+01 7.549437252177605728e+01 -1.836247272057999647e+00
7.024379439823951543e+01 7.548010643185429558e+01 -2.074204217875876388e+00
7.018002925692982785e+01 7.546582830540724274e+01 -2.312338653475949357e+00
7.011621304561190016e+01 7.545153874717985332e+01 -2.550640187558851579e+00
7.005234831172047905e+01 7.543723832763279802e+01 -2.789099013963243223e+00
6.998843745744966327e+01 7.542292758470320280e+01 -3.027705879384574583e+00
6.992448274747054882e+01 7.540860702553304407e+01 -3.266452052849454279e+00
6.986048631637892470e+01 7.539427712813697724e+01 -3.505329296829607255e+00
7.029221388162204676e+01 7.549112560130218696e+01 -7.571577748403134356e-01
6.988670680109551370e+01 7.540050972410644192e+01 -1.090299572368015557e+00
6.947231960178459076e+01 7.530791236503144148e+01 -1.412160247327381102e+00
6.905097876710533455e+01 7.521376367864402823e+01 -1.723359151555958313e+00
6.862377140344652560e+01 7.511169008710035655e+01 -2.024436745988829056e+00
6.819056935681584264e+01 7.500245114907446009e+01 -2.314995739056026736e+00
6.774970328367884065e+01 7.489706527050709894e+01 -2.595959510050758645e+00
6.730248372444992810e+01 7.479030466976276159e+01 -2.866880084866420653e+00
6.684952690613462778e+01 7.468230643131046520e+01 -3.128364689665140030e+00
6.987749798176902516e+01 7.539258475294349182e+01 -4.057196810498028050e+00
6.989494239696414013e+01 7.538959302921961125e+01 -4.609169098991535485e+00
6.991251915760776114e+01 7.538663271379355990e+01 -5.161222651155134677e+00
6.993023051117735633e+01 7.538370456299220734e+01 -5.713341925736029836e+00
6.994807872694471484e+01 7.538080932647979182e+01 -6.265512293076956674e+00
6.996606606542631823e+01 7.537794774042734502e+01 -6.817719984526491750e+00
6.998419476755074697e+01 7.537512052549341490e+01 -7.369952043924126173e+00
7.000246704977251966e+01 7.537232838623188513e+01 -7.922196281540488272e+00
7.001822795648553210e+01 7.538039813610289741e+01 -8.474348229674159683e+00
7.003358055099553781e+01 7.539006260631418854e+01 -9.026589652803503228e+00
7.004878071777133641e+01 7.540008399722925958e+01 -9.578928584546817504e+00
7.006449677829992595e+01 7.541160428166040219e+01 -1.013110630567165593e+01
7.007958346571207642e+01 7.542697673068443009e+01 -1.068321023074971343e+01
6.962239513294198900e+01 7.533218007958392093e+01 -3.890198453617395469e+00
6.937361649924650919e+01 7.526615816374203405e+01 -4.267317148010977057e+00
6.911895227646913042e+01 7.519874813858756113e+01 -4.640164518510159652e+00
6.885635657199415505e+01 7.512975665582648332e+01 -5.006532141237763689e+00
6.858358301880186048e+01 7.506265860803402745e+01 -5.365629797386898936e+00
6.830370098964650083e+01 7.499396658605505195e+01 -5.718959379200829751e+00
6.800316187105583765e+01 7.493213767506641432e+01 -6.072535576659919165e+00
6.769509372054528740e+01 7.487447656390190787e+01 -6.417469195630261858e+00
6.738168402138346380e+01 7.481567100613922605e+01 -6.754982068955802887e+00
6.706260331417595921e+01 7.475564883348503997e+01 -7.084470094230474579e+00
6.673891006358874733e+01 7.469462951864208833e+01 -7.406726829585128513e+00
6.640926202801932732e+01 7.464222358789196221e+01 -7.720414289130881791e+00
6.606871783237401985e+01 7.466197314597971513e+01 -8.023019064886549145e+00
6.581351285593135003e+01 7.468252704543913012e+01 -8.435048492507768003e+00
6.556210576707485416e+01 7.470318081847284475e+01 -8.845986601215725997e+00
6.531448658569044596e+01 7.472393631648061785e+01 -9.255862517781249466e+00
6.505232019979723646e+01 7.474438389764790713e+01 -9.670845676419297376e+00
6.479502652438733890e+01 7.477244985646343878e+01 -1.008268287945877795e+01
6.453633849352777929e+01 7.481974018647822788e+01 -1.049258559308635697e+01
6.428240627586727385e+01 7.491518753287617471e+01 -1.089611999469744319e+01
6.403042852087733650e+01 7.501038520046473934e+01 -1.129981278036664527e+01
6.378039408479374828e+01 7.510533029715314512e+01 -1.170363399778270797e+01
6.352657369381297769e+01 7.518569223139074609e+01 -1.211292509897204361e+01
6.327148576658081680e+01 7.525041471913530700e+01 -1.252400605014863721e+01
6.301698262469233924e+01 7.531505660011416126e+01 -1.293477335539352957e+01
6.277162737356972144e+01 7.539776394717422647e+01 -1.334071507403642975e+01
6.576846519058388196e+01 7.465769279672170455e+01 -8.154208606649255842e+00
6.546766380441130195e+01 7.465257358842043800e+01 -8.275314475311120077e+00
6.514387964648683749e+01 7.464647434795507763e+01 -8.398357944014763987e+00
6.482127582199005644e+01 7.463956158278718078e+01 -8.510570760950699309e+00
6.450070921441046323e+01 7.463206047091119899e+01 -8.614224024598140517e+00
6.418176457139846036e+01 7.462590310205496280e+01 -8.707742998844071991e+00
6.386394352224085935e+01 7.466066724570691804e+01 -8.789181552805370501e+00
6.354729535325766676e+01 7.471546063447192410e+01 -8.860059894314623818e+00
6.323098944865434134e+01 7.476922865965910603e+01 -8.924358467621683388e+00
6.291502290171531797e+01 7.482184323541564197e+01 -8.981212380680467788e+00
6.259969148128755734e+01 7.487339554724168522e+01 -9.031513706014086651e+00
6.228101660355403624e+01 7.492441329654907634e+01 -9.075070916966467394e+00
6.196195025007831703e+01 7.497454048096506085e+01 -9.112265310347559932e+00
7.001341290448884536e+01 7.541923576118534811e+01 -1.092628495995728066e+01
6.994741069692430813e+01 7.541152711849703394e+01 -1.116930521707168289e+01
6.988157773102089720e+01 7.540385094301805680e+01 -1.141226937033199462e+01
6.981591558931637564e+01 7.539620752030029394e+01 -1.165517608965762442e+01
6.975042590947620624e+01 7.538859714949498425e+01 -1.189802416168886801e+01
7.016989434098601919e+01 7.545098290711172240e+01 -1.095155301925529479e+01
7.026714931876840353e+01 7.547631656635847719e+01 -1.121738536346187409e+01
7.037121767786034354e+01 7.550294818346390002e+01 -1.148055203414374326e+01
7.048196435485465372e+01 7.553084752769188981e+01 -1.174090492190539514e+01
7.059345032437519762e+01 7.556033207333092605e+01 -1.200394488161883189e+01
7.071098591987554016e+01 7.559189609798652043e+01 -1.226380916683717182e+01
7.083369757378632414e+01 7.562468722977325797e+01 -1.252088872628327998e+01
7.096053130146630394e+01 7.565845439802346561e+01 -1.277564591652245873e+01
7.109070347048866267e+01 7.569301123384472874e+01 -1.302845077908086857e+01
7.122363509021811012e+01 7.572822020641923757e+01 -1.327959145878060987e+01
7.135889078951863951e+01 7.576397800227660184e+01 -1.352929358832628992e+01
7.149613566819330401e+01 7.580020521591013960e+01 -1.377773651560321966e+01
7.163510637488934663e+01 7.583683945092786871e+01 -1.402506517973289135e+01
7.211513167025606208e+01 7.595868422450044477e+01 -1.446930209002207590e+01
7.259505161126389794e+01 7.608050523997286518e+01 -1.491370211423979875e+01
7.308016875059800554e+01 7.620356029784340990e+01 -1.535547403718582160e+01
7.356469888545133529e+01 7.632646872199354959e+01 -1.579690932252749569e+01
7.404513729590850346e+01 7.646371149356751573e+01 -1.623732285595830049e+01
7.451877220232570664e+01 7.662294728491657736e+01 -1.667674260060137215e+01
7.499096573880487426e+01 7.678576703907589263e+01 -1.711560043477956583e+01
7.546416715015634225e+01 7.694887330256453595e+01 -1.755430584109265268e+01
7.593741883715921404e+01 7.711198981319540735e+01 -1.799293145093449198e+01
7.641072463580444207e+01 7.727511738823591259e+01 -1.843147180807444840e+01
7.688408765024888680e+01 7.743825668187898259e+01 -1.886992236951345348e+01
7.734976564225290474e+01 7.761136968665279312e+01 -1.930850589787145566e+01
7.171103419833382020e+01 7.585905170472059922e+01 -1.435206059270902657e+01
7.178722259874163569e+01 7.588132347852103976e+01 -1.467871878813352993e+01
7.185481689443346909e+01 7.590152561887826721e+01 -1.500718857246403637e+01
7.191693546107329382e+01 7.592040613299069207e+01 -1.533655405216569001e+01
7.197051220370295255e+01 7.593722425906410933e+01 -1.566725329573909420e+01
7.201659825777086610e+01 7.595495097806237084e+01 -1.599779764138727245e+01
7.205401327808054646e+01 7.598478588792269761e+01 -1.632843326796996664e+01
7.208346244995966856e+01 7.601273863240933792e+01 -1.665997353805368419e+01
7.210612276843275481e+01 7.603907724109888022e+01 -1.699212415836635515e+01
7.212068440465128560e+01 7.606469805142435803e+01 -1.732459582897406847e+01
7.212802759276371489e+01 7.608871560516743671e+01 -1.765735052786956061e+01
7.212903406118947203e+01 7.611124997157465089e+01 -1.799022007274281165e+01
7.212693007778021581e+01 7.613332835354458439e+01 -1.832186635602637281e+01
6.154659712497036850e+01 7.501171299676190074e+01 -9.028582249985110053e+00
6.113499867577839098e+01 7.506381259845286991e+01 -8.941777430267313420e+00
6.072856445967381944e+01 7.514421603289784457e+01 -8.850227773273633858e+00
6.032175709085739612e+01 7.522467216825718594e+01 -8.758464655885800809e+00
5.991462696894904383e+01 7.530517067195070524e+01 -8.666497211204664097e+00
5.951055637015210920e+01 7.538515389129530320e+01 -8.575770233984572499e+00
5.910576161738761414e+01 7.546529891700387793e+01 -8.484993805937168787e+00
5.870028923079146210e+01 7.554559691626077722e+01 -8.394180673594675568e+00
5.829265626852432547e+01 7.562071187458869304e+01 -8.304410861659029308e+00
5.788870532702876659e+01 7.571099365359694389e+01 -8.212163639865206477e+00
5.748502344198429626e+01 7.580536924676202659e+01 -8.119132053211018274e+00
5.708066376667964903e+01 7.589989535899087514e+01 -8.025890620862458746e+00
5.667816848785591333e+01 7.599590962033059327e+01 -7.934588394957269308e+00
6.143058900480760087e+01 7.505965923182107247e+01 -9.341227678663758027e+00
6.091847231059481516e+01 7.521723057097713649e+01 -9.570622152442361141e+00
6.041163307815101291e+01 7.537547554558501872e+01 -9.811730603064736655e+00
5.991028974634177473e+01 7.553430924644183619e+01 -1.006434673366215016e+01
5.940947999492042442e+01 7.566117383246819372e+01 -1.033720236997370279e+01
5.891832699358904790e+01 7.579141035978541652e+01 -1.061917133891618903e+01
5.844274524521298275e+01 7.596136200388180271e+01 -1.090663065712321256e+01
5.797312839325294220e+01 7.613136827101217818e+01 -1.120525580811613686e+01
6.269478065412496903e+01 7.546978945652574566e+01 -1.367159872239296448e+01
6.261998133535217193e+01 7.554133086022567056e+01 -1.400245900043960923e+01
6.253743207931319148e+01 7.560348976552582201e+01 -1.434025638475662490e+01
6.245148487922541136e+01 7.565050487408664992e+01 -1.467931014811884260e+01
6.236577833897621304e+01 7.569747433237844803e+01 -1.501826454585818738e+01
6.228029928421798189e+01 7.574439868688618560e+01 -1.535710571805738667e+01
6.219504047254380197e+01 7.579127782171435967e+01 -1.569582193040595719e+01
6.211070054846015154e+01 7.584286150783661640e+01 -1.603261103699129819e+01
6.202867252443290624e+01 7.590956185761986319e+01 -1.636738636467376651e+01
6.194638703593029305e+01 7.597628836428930299e+01 -1.670208852771796515e+01
6.185994156104959529e+01 7.603510475065885998e+01 -1.703987757203792341e+01
6.177614615281651567e+01 7.608449294017033537e+01 -1.737752998314468655e+01
6.169586936039435443e+01 7.615348588804157259e+01 -1.771249696607902280e+01
7.199322613392953940e+01 7.614712086723929474e+01 -1.871506594396166534e+01
7.186062913890349080e+01 7.616101813082026695e+01 -1.910751989036318577e+01
7.172914356878906972e+01 7.617502132818665928e+01 -1.949923389577749688e+01
7.159877419559734335e+01 7.618913169969140142e+01 -1.989021378754596370e+01
7.145435335858472570e+01 7.620231934286297815e+01 -2.029394524354320239e+01
7.131089684422666153e+01 7.621861939304962164e+01 -2.069603291860471117e+01
7.116866673831772516e+01 7.623498450474919252e+01 -2.109690061501729019e+01
7.102764315181144639e+01 7.625141170209495556e+01 -2.149654728113260660e+01
7.088781294692350343e+01 7.626789920057358074e+01 -2.189497418802773510e+01
7.075474270629649709e+01 7.629059042711826066e+01 -2.228976189669253216e+01
7.061971207264521411e+01 7.633568361521719225e+01 -2.268156079333325792e+01
7.048386041929198598e+01 7.637456145488553716e+01 -2.307503957663989169e+01
7.034794939789811963e+01 7.641166892729243898e+01 -2.346870456766892232e+01
7.224490432470697954e+01 7.619085330231963837e+01 -1.877160527334292794e+01
7.237391864910109973e+01 7.625108548646873885e+01 -1.921764182043322933e+01
7.251384221946057096e+01 7.631361943032104023e+01 -1.965972338523248197e+01
7.266140407922976863e+01 7.637820225227868320e+01 -2.010556348855163833e+01
7.282036109932310808e+01 7.644513274358078547e+01 -2.054642728243356586e+01
7.298919906207078157e+01 7.651407914088467521e+01 -2.098268046010422339e+01
7.316706865223888201e+01 7.658485281543997303e+01 -2.141449014707376364e+01
7.335415105791001622e+01 7.665747773949273380e+01 -2.184157782164884765e+01
7.355050528901624318e+01 7.673195189908901170e+01 -2.226370615634758110e+01
7.375611170778286407e+01 7.680825672407107163e+01 -2.268066690059643165e+01
7.397089716972971019e+01 7.688636255343445214e+01 -2.309227416698390556e+01
7.419368055389061567e+01 7.696602283780018183e+01 -2.349899582218070293e+01
7.442335496219590141e+01 7.705189304643673154e+01 -2.389712206222188939e+01
6.172935457364008016e+01 7.623015579824883048e+01 -1.823108784570643692e+01
6.176316775774925105e+01 7.630673510060421449e+01 -1.874950426929584069e+01
6.179731172322102850e+01 7.638322073170948556e+01 -1.926773046448776938e+01
6.183178919513451177e+01 7.645960979990321960e+01 -1.978575162918313524e+01
6.157235803821155429e+01 7.621009312549249159e+01 -1.791856943394540380e+01
6.144895548842368527e+01 7.626665521826544136e+01 -1.812448980918856734e+01
6.131958004926974581e+01 7.632368963962169062e+01 -1.832623439029875811e+01
6.118618972329072392e+01 7.638101142917952302e+01 -1.852498400132546053e+01
6.104707811827280750e+01 7.643871764277463399e+01 -1.871930915510236559e+01
6.090325030288713748e+01 7.649670619394616722e+01 -1.890977138534414337e+01
5.644510757624130548e+01 7.606061828878385711e+01 -7.954271450281716227e+00
5.621167575239452674e+01 7.612542861271860772e+01 -7.973974335805670499e+00
5.597794197962428342e+01 7.619051223942759066e+01 -7.993474878310454557e+00
5.574397814908376603e+01 7.625607946305073881e+01 -8.012996519936427475e+00
5.550969731099424820e+01 7.632174135756613964e+01 -8.032584010188115187e+00
5.527491977471797924e+01 7.638669718558894317e+01 -8.052364035129720321e+00
5.504132033685049663e+01 7.645702169104953327e+01 -8.071493371915259729e+00
5.480745190761614083e+01 7.652742363379449841e+01 -8.090617981902303413e+00
5.457333206837088113e+01 7.659789773367890575e+01 -8.109736521119263131e+00
5.433897741008615867e+01 7.666843899500315729e+01 -8.128847623154996427e+00
5.410440358736616417e+01 7.673904269471236717e+01 -8.147949928433211753e+00
5.386962536948701796e+01 7.680970436985410288e+01 -8.167042101357376183e+00
5.363525615662535273e+01 7.688027685371196185e+01 -8.186357144560160393e+00
5.624558577777746393e+01 7.608290904881927474e+01 -7.684387405051388065e+00
5.581946173800788102e+01 7.616672982188445928e+01 -7.421641594045028434e+00
5.539805747579745798e+01 7.624820565055436816e+01 -7.149537122407016554e+00
5.498234312449974936e+01 7.632696571173416089e+01 -6.867113225557297973e+00
5.457720516470979533e+01 7.641403883144319309e+01 -6.572288484096654670e+00
5.418268919587869448e+01 7.650958746060319982e+01 -6.266128175222678287e+00
7.003185257346007120e+01 7.644708576279573720e+01 -2.389420830877996949e+01
6.971522892290538209e+01 7.651058583785726341e+01 -2.431541662200519482e+01
6.939705173175593700e+01 7.657126625766073857e+01 -2.473813271654491075e+01
6.908367923440563629e+01 7.664838504272559305e+01 -2.515627595396280114e+01
6.877093645823754287e+01 7.674066497261306097e+01 -2.557090941255725980e+01
6.845899687732504901e+01 7.683270324063320800e+01 -2.598445512126837542e+01
7.032508568146205619e+01 7.649945310446121027e+01 -2.409139385983811721e+01
7.031668773043959675e+01 7.661596373057915343e+01 -2.470912379016994009e+01
7.032529687716836975e+01 7.673308891935842269e+01 -2.532549271670229984e+01
7.035077059632529028e+01 7.685075636818454825e+01 -2.594015731995006036e+01
5.322036885093862679e+01 7.698807035735185877e+01 -8.091108372448310604e+00
5.280520521760868036e+01 7.709594967772105178e+01 -7.995902087509370482e+00
5.239072810556282178e+01 7.720693725577419286e+01 -7.900351263688360604e+00
5.198071763330064954e+01 7.733328334838465423e+01 -7.803042534765866733e+00
5.157039319008580947e+01 7.745910336109241712e+01 -7.705789767090595710e+00
5.115995315274324184e+01 7.758496142008135621e+01 -7.608534003926236799e+00
5.075072693064609552e+01 7.771038983703228098e+01 -7.511027018331212446e+00
5.034153889865682885e+01 7.783575149288455464e+01 -7.413012617075655619e+00
4.993241279420568191e+01 7.796103856636558760e+01 -7.314491336380789299e+00
4.952337121292931954e+01 7.808624350610496379e+01 -7.215462689321350709e+00
4.911517924721996309e+01 7.821293235488739981e+01 -7.115653704377745470e+00
4.871285387548353896e+01 7.835186418918104323e+01 -7.012585346122510721e+00
4.832155636217350292e+01 7.851469368922259662e+01 -6.903818363538666958e+00
5.302361730764386749e+01 7.709175253342291967e+01 -8.442988784747557318e+00
5.241741668894219686e+01 7.730479615283552164e+01 -8.711024439957041565e+00
5.182593976220725551e+01 7.753894777349474055e+01 -8.993940189186339751e+00
5.124208431282259113e+01 7.777262038507565478e+01 -9.292186824083602303e+00
5.066870611302252314e+01 7.799779486245526527e+01 -9.603323828838128406e+00
5.012781279532345735e+01 7.827716917856230339e+01 -9.917342079961779078e+00
4.961097651329132674e+01 7.858805511010257305e+01 -1.023686062316562051e+01
7.479794432654423986e+01 7.718865792535233084e+01 -2.422840553291663568e+01
7.517274198709532129e+01 7.732545817551827838e+01 -2.455959512674113654e+01
7.554774327799574962e+01 7.746229212086025484e+01 -2.489068690496259606e+01
7.592294383389628365e+01 7.759915818329051262e+01 -2.522167711442686411e+01
7.628927874781705043e+01 7.775227751522670872e+01 -2.555116512606628021e+01
7.665434446331566676e+01 7.790811156471517052e+01 -2.587961466643053399e+01
7.702218326138402915e+01 7.806446324829111916e+01 -2.620687471251366318e+01
7.739034298065921291e+01 7.822088490471621469e+01 -2.653392217038409129e+01
7.775881686333543996e+01 7.837737358218149097e+01 -2.686075043265385176e+01
7.812759861270500039e+01 7.853392651184394424e+01 -2.718735320450335280e+01
7.848791257470932692e+01 7.869247909355777892e+01 -2.751462972303277610e+01
7.884377963812956125e+01 7.886465227248213239e+01 -2.784831859804311804e+01
7.919998887623415840e+01 7.903693574902517582e+01 -2.818188552822651260e+01
7.448499125194557280e+01 7.710489011536651560e+01 -2.416009273176042171e+01
7.454618091642461764e+01 7.715775047666998887e+01 -2.442284860017257131e+01
7.460360873311087460e+01 7.720978155268485921e+01 -2.468599773961738109e+01
7.465691244411057426e+01 7.726093139297920231e+01 -2.494976880745740999e+01
7.470342800813374140e+01 7.731063728376464894e+01 -2.521460823490749803e+01
7.474468503815189990e+01 7.735919051613028330e+01 -2.548004228514022884e+01
7.477923619757157780e+01 7.740626190977344834e+01 -2.574615308015866333e+01
7.480814662778759327e+01 7.745205366837842575e+01 -2.601260638695200100e+01
7.483242391690524187e+01 7.749676619794479393e+01 -2.627914843425515912e+01
7.485089551984074774e+01 7.754012219555849583e+01 -2.654577314561993973e+01
4.793696401799919471e+01 7.864188778833371885e+01 -6.651439960199836854e+00
4.755361976846013050e+01 7.876837981489821061e+01 -6.398599254750590326e+00
4.717156105926106591e+01 7.889415344127613139e+01 -6.145303354021314668e+00
4.679082308829512016e+01 7.901919325501232549e+01 -5.891558650603208491e+00
4.641143893834050260e+01 7.914348467103226881e+01 -5.637370715408555277e+00
4.603343968359054372e+01 7.926701388827929406e+01 -5.382744331566713392e+00
4.565685448935238355e+01 7.938976785241933953e+01 -5.127683540703609211e+00
4.789968984862764501e+01 7.872001926746970923e+01 -6.918433391183198999e+00
4.748176622987187301e+01 7.892650078938925162e+01 -6.946531267978823365e+00
4.706810673970215220e+01 7.913396056312591043e+01 -6.988006325817755382e+00
4.665780931184630731e+01 7.934181493303678678e+01 -7.038360166545038155e+00
4.630608650330095344e+01 7.963109982092136363e+01 -7.072212014315567785e+00
4.592873322112074419e+01 7.989361477670487943e+01 -7.134105957010962840e+00
4.554760398399827181e+01 8.014786762571587531e+01 -7.216806484014118617e+00
4.516815244058732048e+01 8.040288066956543389e+01 -7.308593661527577723e+00
4.479073861111631771e+01 8.065851835454311924e+01 -7.409915446773020165e+00
4.441568163780818423e+01 8.091463376443044808e+01 -7.521034400502143669e+00
4.404702840568774747e+01 8.117936775148611162e+01 -7.640616424250044503e+00
4.365194555270210941e+01 8.139298205357053462e+01 -7.770781639068215618e+00
4.323121818816915862e+01 8.162097044032734061e+01 -7.933411763067263145e+00
7.935073618647561489e+01 7.912647777608701460e+01 -2.845634240527683900e+01
7.950161778281761826e+01 7.921604455378295029e+01 -2.873060287690119452e+01
7.965263767560227848e+01 7.930563609960583449e+01 -2.900465529402821119e+01
7.980379942070116783e+01 7.939525236574499445e+01 -2.927848882024288457e+01
7.995857532767043097e+01 7.948597160269363826e+01 -2.955053720974241216e+01
8.011303065973511650e+01 7.957651836365147346e+01 -2.982214573467046037e+01
8.026717910615529661e+01 7.966689569752715272e+01 -3.009329858717943296e+01
8.042159832812428988e+01 7.975683240337551183e+01 -3.036383992750706184e+01
8.057560299285245264e+01 7.984652747508239656e+01 -3.063394504415279584e+01
8.072790632366096020e+01 7.993619340056820022e+01 -3.090369498865643649e+01
8.087801358794784790e+01 8.003203641361588438e+01 -3.117217442759063317e+01
8.102640132535552198e+01 8.013238992970872232e+01 -3.143906957336854191e+01
8.116785985655727131e+01 8.024942675264613001e+01 -3.170272183156833989e+01
7.940771434692700836e+01 7.912582300725728146e+01 -2.828359537739949658e+01
7.961829312150132409e+01 7.921490204467171736e+01 -2.837845429001963993e+01
8.124303745419626921e+01 8.036550279968837174e+01 -3.209336784882337668e+01
8.131781206350369473e+01 8.048130919016172413e+01 -3.248355925007987111e+01
8.139217838948462713e+01 8.059684110548056424e+01 -3.287328413101428737e+01
8.146613095707481023e+01 8.071209386069017455e+01 -3.326253156583506865e+01
8.153966446851347882e+01 8.082706302390724318e+01 -3.365129145386820397e+01
8.161612214977391488e+01 8.094308373336704676e+01 -3.403914123848101525e+01
8.169296125809238163e+01 8.105916645991706559e+01 -3.442652288119233361e+01
8.177018783662063584e+01 8.117531119400159412e+01 -3.481342435160307502e+01
8.184650600451956848e+01 8.129262713647264604e+01 -3.520757367299536611e+01
8.192264982298613063e+01 8.140980917590846389e+01 -3.560144615002693058e+01
8.199861586339002884e+01 8.152685350574101619e+01 -3.599503088250990146e+01
8.207488875952942919e+01 8.164412059077807271e+01 -3.638806734654677655e+01
8.215086754849185979e+01 8.176123969842919337e+01 -3.678083523913559816e+01
8.134343449157908879e+01 8.036011218936246792e+01 -3.186917442241453102e+01
8.152361720647570564e+01 8.047138856769436188e+01 -3.202923523976409825e+01
8.170803961921336622e+01 8.058340308029660548e+01 -3.218431937624610839e+01
8.189717504929882352e+01 8.069609344892150204e+01 -3.233319845816360072e+01
8.208993227934091408e+01 8.080927807043505595e+01 -3.247719234851867753e+01
8.228679437826204435e+01 8.092294846176372403e+01 -3.261530348392747669e+01
8.248698562421236602e+01 8.103698062989860773e+01 -3.274849386145641716e+01
8.268530409706202988e+01 8.115585437793124868e+01 -3.287626220646879460e+01
8.288570548562323381e+01 8.127681824047201076e+01 -3.299845440843501621e+01
8.308604538263631412e+01 8.139998362286367239e+01 -3.311596325386417305e+01
8.329163202962632795e+01 8.152472117246340133e+01 -3.322838031536089431e+01
8.349961257782490520e+01 8.164973404339697538e+01 -3.333650169178693545e+01
8.371014455206511684e+01 8.177498062996617989e+01 -3.343976036329090817e+01
4.250041402006332447e+01 8.205194517637033869e+01 -8.546121940845907261e+00
4.167542957377422397e+01 8.215481194548557653e+01 -9.132910383489553752e+00
4.089865716655248917e+01 8.221487006049611068e+01 -9.653600842629627365e+00
4.015589147026231842e+01 8.182999343148996729e+01 -1.001850865725833906e+01
4.262516794612054838e+01 8.194505834959156232e+01 -7.963419032587927937e+00
4.201151267419176349e+01 8.221945377833867497e+01 -7.961896725076438308e+00
4.136619518370437731e+01 8.236385158839534881e+01 -7.914966420818987380e+00
4.068224195446615710e+01 8.251508801286576045e+01 -7.871397315310550979e+00
4.003453037530262293e+01 8.266617093660447324e+01 -7.803287992000813134e+00
3.941383100232116021e+01 8.274331333965334068e+01 -7.681996924398297288e+00
3.882803824842779505e+01 8.268241558962087367e+01 -7.469263606791870735e+00
3.831362099854835890e+01 8.267878249819632686e+01 -7.208720745447227074e+00
3.782267450758259741e+01 8.269137898258735220e+01 -6.936303886607323221e+00
3.735323248962598797e+01 8.271866639923831599e+01 -6.653272554348961698e+00
3.690363352221703508e+01 8.275939146021212878e+01 -6.360621768852947611e+00
3.642496307776045938e+01 8.272793113438036983e+01 -6.054281811333551921e+00
3.601659506643420627e+01 8.263917991270061236e+01 -5.668865536425595764e+00
3.555586855692611437e+01 8.244027767077037083e+01 -5.294521064454345449e+00
3.587354549971571060e+01 8.265475399326645345e+01 -5.505279442449146465e+00
3.572930345368607163e+01 8.267268285878228085e+01 -5.338967117487038117e+00
3.559032150955685125e+01 8.269867566882514609e+01 -5.173381008139817716e+00
3.545461061370393452e+01 8.273174018158363197e+01 -5.006986769019903250e+00
3.531984345713739515e+01 8.276911908025768128e+01 -4.838966717170744225e+00
3.518485360866868206e+01 8.280908275020007636e+01 -4.669123945367380735e+00
3.504906645357236528e+01 8.285065328182491839e+01 -4.497438525634364304e+00
3.491217755762811947e+01 8.289323877774292271e+01 -4.323945091956221454e+00
3.477402116562562640e+01 8.293645925375118111e+01 -4.148697845354582192e+00
8.406055490948551778e+01 8.195492009453542437e+01 -3.347582708147040620e+01
8.439349229790285278e+01 8.215316359660933188e+01 -3.350807848849451887e+01
8.472715443227089338e+01 8.235456925517425475e+01 -3.353862034647040957e+01
8.506411187751663761e+01 8.255279180268274786e+01 -3.357106136522197914e+01
8.540131505086914387e+01 8.275119399645627993e+01 -3.360368691592817214e+01
8.572738521611238127e+01 8.295425244868889081e+01 -3.363477926164031828e+01
8.603543102752549032e+01 8.318313891850712594e+01 -3.365989923880103163e+01
8.636069726944029412e+01 8.339798494679043017e+01 -3.368786069809459605e+01
8.668832598982029936e+01 8.361005994283436848e+01 -3.371659136588055361e+01
8.701632376654877987e+01 8.382239369835478726e+01 -3.374543696873516296e+01
8.733057815527948264e+01 8.404602295392180622e+01 -3.377075664383118436e+01
8.764179337901926203e+01 8.428224700798094204e+01 -3.379215477387388233e+01
8.796319045453493857e+01 8.450355685300223740e+01 -3.381763206540279754e+01
8.413648663393465199e+01 8.207607845467109087e+01 -3.386894316185568243e+01
8.453668534465656137e+01 8.240766597242910052e+01 -3.429971160062664381e+01
8.235736497509542176e+01 8.193158085389363521e+01 -3.716546918037958847e+01
8.256348951327929342e+01 8.210210966780012143e+01 -3.754960058459805339e+01
8.276655769440310451e+01 8.227721250727111624e+01 -3.793230692330897114e+01
8.296885211694456075e+01 8.245470794788192848e+01 -3.831425771385728751e+01
8.315937298638358754e+01 8.265669023587345521e+01 -3.868888756181546285e+01
8.334892669705783419e+01 8.285962883045768024e+01 -3.906291558606433512e+01
8.353740637427699767e+01 8.306202018416090027e+01 -3.943688383160792199e+01
8.372632014932405298e+01 8.326460543325524100e+01 -3.981078298831108242e+01
8.391340449139408975e+01 8.346774933956089626e+01 -4.018435185846397673e+01
8.409887681307638729e+01 8.367458010448272887e+01 -4.055675082118048635e+01
8.428354393025202285e+01 8.388122769190803751e+01 -4.092995884280645669e+01
8.446212150705920862e+01 8.409098233073339657e+01 -4.130257062779069344e+01
8.463908022438343437e+01 8.430334341006360432e+01 -4.167444211750522953e+01
8.207922290327199732e+01 8.189020243471526328e+01 -3.751212174766661889e+01
8.199507717154867237e+01 8.201376988617408870e+01 -3.824263209030365829e+01
8.188348001459806369e+01 8.215639257962457975e+01 -3.896315082215927106e+01
8.174779534601715625e+01 8.230875343321402227e+01 -3.967748779599229891e+01
8.159635554994564188e+01 8.245377207317970658e+01 -4.038994419010478509e+01
8.142976789688916028e+01 8.259460720228108244e+01 -4.109928600321616443e+01
8.125000251109887017e+01 8.273164880576442215e+01 -4.180443735922955284e+01
8.105116632864979920e+01 8.286649777434888620e+01 -4.250516871922833673e+01
8.084165178964498466e+01 8.299653592817374204e+01 -4.320272082881963627e+01
8.061801888821291584e+01 8.312094506210623024e+01 -4.389722899312964444e+01
8.038097671682514545e+01 8.323943816804157336e+01 -4.458863277861665608e+01
8.012868514516169682e+01 8.335885384061077730e+01 -4.527471131642899138e+01
7.986179024559622519e+01 8.348273720900908756e+01 -4.595498539046815978e+01
7.970962136220239813e+01 8.349359893606580840e+01 -4.614942453574348491e+01
7.955834127408211032e+01 8.350475732612190427e+01 -4.634389329567937921e+01
7.940724604574801049e+01 8.351457615455618111e+01 -4.653897773620926870e+01
7.925700678813358024e+01 8.352288987903837381e+01 -4.673460236463066053e+01
7.910384738645828406e+01 8.354091377338518498e+01 -4.692739759649540332e+01
7.895065623589492532e+01 8.355896641214366127e+01 -4.712031330664399320e+01
7.879744181170052286e+01 8.357704766931279039e+01 -4.731334163188381581e+01
7.980731157299993583e+01 8.363151871060229325e+01 -4.649347281555410660e+01
7.976688549566330266e+01 8.378487946354402993e+01 -4.703206850426299468e+01
8.828578999519133674e+01 8.469618601893415644e+01 -3.373048500881397871e+01
8.860866316570050571e+01 8.488900566620655752e+01 -3.364336752486848781e+01
8.892009286601937390e+01 8.509200955989253146e+01 -3.355275720670493911e+01
8.923089678965274629e+01 8.530037693272952026e+01 -3.346025696598822208e+01
8.954714763425738511e+01 8.550151281273026882e+01 -3.336924830953901022e+01
8.986333867387567409e+01 8.570270879074963943e+01 -3.327860582612713358e+01
9.017977065120687996e+01 8.590409284038213400e+01 -3.318801787963793970e+01
9.048961801943097782e+01 8.611091985222381595e+01 -3.309533466231195575e+01
9.079587204475815554e+01 8.632480662985986442e+01 -3.300050663765578207e+01
9.110509087062119704e+01 8.653534287910409262e+01 -3.290634228767471825e+01
9.141393307416946357e+01 8.674558954027726543e+01 -3.281218208906074096e+01
9.172304530104020159e+01 8.695605937980668898e+01 -3.271807076852304874e+01
9.203027338747284603e+01 8.716760230148140920e+01 -3.262337158134238280e+01
8.821672748115693707e+01 8.470449918942679801e+01 -3.393842228589504373e+01
8.846590490273331397e+01 8.490502351326226460e+01 -3.406873731971178643e+01
8.870547801888218942e+01 8.510827696006094811e+01 -3.420199856149326223e+01
8.893259328110244155e+01 8.532275759243127311e+01 -3.433866571565153691e+01
8.915955692782338815e+01 8.553662764488944958e+01 -3.448223225326790242e+01
8.938702323186393528e+01 8.574267031484862400e+01 -3.463501764619662993e+01
8.961174783345907713e+01 8.594886915496937263e+01 -3.479534802065087007e+01
8.983264767213135826e+01 8.615424555369683901e+01 -3.496250458706418840e+01
9.004024046745276166e+01 8.636247785352630046e+01 -3.513412289284455881e+01
9.023953425291128383e+01 8.657678112428367001e+01 -3.531005640218953801e+01
9.043500203209050881e+01 8.679005106114084356e+01 -3.549282402625519950e+01
9.063041766812607136e+01 8.700123568049956191e+01 -3.568136203768614934e+01
9.082364850475569540e+01 8.720884722930578903e+01 -3.587602954250793630e+01
8.472939959381619701e+01 8.454810698769099986e+01 -4.232586654558837580e+01
8.480767121076061699e+01 8.481052587191337011e+01 -4.297251292117267241e+01
8.488622508504174391e+01 8.507345283629045696e+01 -4.361866855930564668e+01
8.494943021138050199e+01 8.534357137947836236e+01 -4.426151338626558385e+01
8.501291557530760201e+01 8.561410629767527780e+01 -4.490496744223323589e+01
8.507428895562108551e+01 8.588748920617636884e+01 -4.554795567268606504e+01
8.513071704462794287e+01 8.616217854976495971e+01 -4.618955871203583996e+01
8.498740921427543071e+01 8.466245430869581412e+01 -4.204328600397276716e+01
8.533226067406690163e+01 8.504137654377046829e+01 -4.239268415729018358e+01
9.092480722475494304e+01 8.735438570122657609e+01 -3.610078730171343153e+01
9.102589677865273643e+01 8.749988188804496758e+01 -3.632558215039572502e+01
9.112047764109978232e+01 8.765030601313020497e+01 -3.654823064016228784e+01
9.121520643282882190e+01 8.780097228575839097e+01 -3.677114350113282626e+01
9.130995652772536175e+01 8.795173279494117935e+01 -3.699429620308707456e+01
9.140484970808529397e+01 8.810266417152163854e+01 -3.721760735130547459e+01
9.149987738773172907e+01 8.825375449778191239e+01 -3.744106220605291924e+01
9.159503213371534969e+01 8.840499289968566643e+01 -3.766464625645483011e+01
9.169030734612678657e+01 8.855636934169471886e+01 -3.788834542284614315e+01
9.178718356549708801e+01 8.870645003442878362e+01 -3.811262564428064792e+01
9.188212960216696956e+01 8.885866780866180648e+01 -3.833620849380874773e+01
9.197679880409721420e+01 8.901148080042669619e+01 -3.855976593139138231e+01
9.207157300663590149e+01 8.916442300078855965e+01 -3.878344728732798785e+01
9.126516169623972985e+01 8.762322685768857866e+01 -3.608023852853818880e+01
9.170265970266446232e+01 8.805002521342204602e+01 -3.626405938037191135e+01
9.215107369990565189e+01 8.847343782929648626e+01 -3.643333930415234079e+01
9.260249662083111843e+01 8.890128506899542060e+01 -3.658798305053571909e+01
9.305694339167145301e+01 8.933186529077029547e+01 -3.672819089742645104e+01
9.352395835189142304e+01 8.975539330205050703e+01 -3.685714165364176154e+01
9.400905631471304957e+01 9.017483911012344322e+01 -3.697585368290773999e+01
9.450263005329586008e+01 9.058622202111232014e+01 -3.708371504344923864e+01
9.504666006986488469e+01 9.095954798299692357e+01 -3.719741374251059796e+01
9.559684922539408092e+01 9.130628072671350992e+01 -3.730382855162102373e+01
9.619030371880727159e+01 9.151236511998982337e+01 -3.742103188790722612e+01
9.676234986803463300e+01 9.159674311460224772e+01 -3.752465012637892272e+01
9.721581717230084507e+01 9.153222868583989680e+01 -3.757256005716084957e+01
9.244665194131279407e+01 8.751771906172891136e+01 -3.264307280990862381e+01
9.286424594760680407e+01 8.786545812074429307e+01 -3.266320386725780622e+01
9.328226679005950928e+01 8.821355710493799052e+01 -3.268336971445550887e+01
9.369775810641060332e+01 8.856537660798771583e+01 -3.270235859275509682e+01
9.411515073732317660e+01 8.891569341682014738e+01 -3.272183952497307047e+01
9.453392866767492819e+01 8.926727391544281431e+01 -3.274169915374793760e+01
9.495597652799857258e+01 8.961615307658247787e+01 -3.276238291141068970e+01
9.539063654758200528e+01 8.995028501922662656e+01 -3.278761539051591001e+01
9.582979543912796316e+01 9.028717794410538033e+01 -3.281426408877599954e+01
9.628128938675324378e+01 9.060784160700322332e+01 -3.282809956386865480e+01
9.676631527062156124e+01 9.087384102134194563e+01 -3.283870126232311293e+01
9.725239714908012445e+01 9.113557528557690546e+01 -3.283288971559355218e+01
9.776755001103967402e+01 9.129699176143226680e+01 -3.282375465931729508e+01
9.220898818554236698e+01 8.727699341693671897e+01 -3.249607294618201792e+01
9.238951252823700599e+01 8.738449001612744382e+01 -3.236919628787566694e+01
9.256787186509311027e+01 8.748832000115322671e+01 -3.223631541976236292e+01
9.274469946464630254e+01 8.758954192242215697e+01 -3.209914245260470977e+01
9.292053631659362622e+01 8.768905028692334724e+01 -3.195910901040442553e+01
9.309394640759587958e+01 8.778506810153315598e+01 -3.181430606821376372e+01
9.326560796706479550e+01 8.787841625109338395e+01 -3.166557704652451832e+01
9.343356937799717343e+01 8.796976811254307904e+01 -3.151158273012334732e+01
9.359539041221937339e+01 8.806290649102341206e+01 -3.135194039169548219e+01
9.375522477817948186e+01 8.815352464543897781e+01 -3.118865358380465835e+01
9.391345858517114209e+01 8.824109248316042908e+01 -3.102200595126580751e+01
9.406865926888008289e+01 8.832657892055034665e+01 -3.085130983455714571e+01
9.422172140483198177e+01 8.840947294477233243e+01 -3.067729473549364272e+01
9.735266793857545053e+01 9.148482500390898053e+01 -3.764265950179231623e+01
9.748452874325683126e+01 9.141539196273870971e+01 -3.771197541158640831e+01
9.757699795992829195e+01 9.140377709335240297e+01 -3.744972256264037469e+01
9.438307941023789738e+01 8.846248036911697454e+01 -3.035601100118827134e+01
9.454453145495816102e+01 8.851555874360484211e+01 -3.003470062511027194e+01
9.470607135740084459e+01 8.856870684068307753e+01 -2.971337913564016375e+01
9.486806772622884409e+01 8.862212026090094241e+01 -2.939161131820485906e+01
9.502994030278321702e+01 8.867544869392786211e+01 -2.906991229291341128e+01
9.519168410789293944e+01 8.872869115325451617e+01 -2.874829457670061572e+01
9.535329395545115005e+01 8.878184620663444093e+01 -2.842676958399720988e+01
9.551639163775031705e+01 8.883420468809028137e+01 -2.810558420795591417e+01
9.567960548916788355e+01 8.888635256279378893e+01 -2.778452129715343943e+01
9.584363414196975839e+01 8.893856257826189449e+01 -2.746105784711608777e+01
9.600768642817052978e+01 8.899080496932570838e+01 -2.713764782473853643e+01
9.617119065776347497e+01 8.904265336021224186e+01 -2.681443486973584456e+01
9.633483473117782125e+01 8.909461720003085361e+01 -2.649123166101986016e+01
9.460167902451779298e+01 8.865929134649918808e+01 -3.042191073990877115e+01
9.498571343322412019e+01 8.891467462239040742e+01 -3.017535108829417112e+01
9.537333279432156985e+01 8.917390559517328086e+01 -2.993825159557882287e+01
9.576935509977465699e+01 8.943455530563569766e+01 -2.971440402139134918e+01
9.618091137562903725e+01 8.969485333914295211e+01 -2.950425186989580695e+01
9.659323713513096266e+01 8.995846368825979766e+01 -2.930584345050234063e+01
9.701096329354088255e+01 9.022034758111558972e+01 -2.912006509459434511e+01
9.744376502496763237e+01 9.047721226931098215e+01 -2.894968355513300295e+01
9.790777260394303028e+01 9.070411188869243801e+01 -2.879691574550094657e+01
9.836633866475411025e+01 9.092215913545454953e+01 -2.865434834027191968e+01
9.882957596087638308e+01 9.112092534553545420e+01 -2.852433019256169189e+01
9.213749708489100954e+01 8.949394421336498340e+01 -3.949607700572379798e+01
9.220230676289860128e+01 8.982463206608265693e+01 -4.020842569577209247e+01
9.227380437182792150e+01 9.014944060757882482e+01 -4.092377697793193647e+01
9.234834791053579295e+01 9.047108615832082990e+01 -4.164072686042089089e+01
9.245589522762534784e+01 9.081001599188483908e+01 -4.237526397110449494e+01
9.257205423629687857e+01 9.111777811514494374e+01 -4.311270526128829061e+01
9.273985024097268592e+01 9.141266213515740446e+01 -4.388359968967961322e+01
9.290203914433068633e+01 9.162190168456990591e+01 -4.464245081090975020e+01
9.303764834523795457e+01 9.167771931287268217e+01 -4.538053063594462344e+01
9.311830315875526765e+01 9.157523313682997923e+01 -4.606649709577562390e+01
9.304275233610839280e+01 9.138703432234288471e+01 -4.664822628355877043e+01
9.291334895504999736e+01 9.120630592998664099e+01 -4.719922869975295043e+01
9.270837878363587947e+01 9.099321494178649061e+01 -4.770295288189827687e+01
9.225857532028956598e+01 8.940069388643824766e+01 -3.899048879940064438e+01
9.244465055236868523e+01 8.963820618953903363e+01 -3.919703281489223912e+01
9.263876310247128743e+01 8.987631531433913779e+01 -3.939558083747507311e+01
9.284306491203751932e+01 9.010874481529273794e+01 -3.959070903083605231e+01
9.305315688718654599e+01 9.034274236203663122e+01 -3.977768204502492466e+01
9.327054681373405742e+01 9.057999133695892624e+01 -3.995785273755581102e+01
9.350123516595114381e+01 9.080648717768558242e+01 -4.013598495790247256e+01
9.375092121927200139e+01 9.101331231396605403e+01 -4.031253852953960859e+01
9.400408117885345405e+01 9.122007903895099901e+01 -4.048220582364385933e+01
9.427350035622006885e+01 9.140594222673551883e+01 -4.065115849931552816e+01
9.456953789712132163e+01 9.153191818376251376e+01 -4.082355467016501649e+01
9.486652072935616786e+01 9.164968856600040681e+01 -4.098875937555639837e+01
9.814479231776340384e+01 9.136816071093639380e+01 -3.292449085709647960e+01
9.849637600962769568e+01 9.143403330910649629e+01 -3.301413678801551299e+01
9.880930994459865246e+01 9.135151710494150734e+01 -3.309510898228918307e+01
9.908478173249258703e+01 9.121535371423850336e+01 -3.316538072306655494e+01
9.933342919800035986e+01 9.109272606979598663e+01 -3.322648963729973559e+01
9.955824304278857539e+01 9.098213231079469665e+01 -3.327939636367077725e+01
9.969770323925935429e+01 9.086123680522590007e+01 -3.329775111638333129e+01
9.981455825064894327e+01 9.071329680721891009e+01 -3.330706355912911931e+01
9.993071091401682793e+01 9.056564728243796480e+01 -3.331401560066579037e+01
1.000468967852823283e+02 9.041889944139292368e+01 -3.331878332310917301e+01
1.001631943820588191e+02 9.027296608693555413e+01 -3.332134221351650183e+01
1.002796420633724637e+02 9.012781419858893628e+01 -3.332165810924355753e+01
1.003962468863281714e+02 8.998345274847007147e+01 -3.331968987235757851e+01
9.833032973046066161e+01 9.136295478562597339e+01 -3.260005004140483464e+01
9.886226520338699686e+01 9.141313714397328738e+01 -3.235192594207966010e+01
9.931998809319810562e+01 9.123671322804003125e+01 -3.207151398551532395e+01
9.961752290911788066e+01 9.114537769613504281e+01 -3.171745278520878131e+01
9.990596997576557214e+01 9.106110575308585453e+01 -3.134729318455105584e+01
1.001863068872190183e+02 9.098264529258737809e+01 -3.096211433476887009e+01
1.004575525437420822e+02 9.090991185090983606e+01 -3.056190142563420054e+01
1.007113862436713845e+02 9.081656577472234915e+01 -3.016733599869746740e+01
