-7.559000000000000163e+00 7.541999999999999815e+00 1.110000000000000014e-01
-7.465673486616810628e+00 7.526978905012097876e+00 1.433856797232953839e-01
-7.372169468828209560e+00 7.512004574106550869e+00 1.756651942007702860e-01
-7.278759253881953661e+00 7.496232621514428374e+00 2.076147616655726891e-01
-7.185525925609660192e+00 7.477070753360151478e+00 2.381586255305487565e-01
-7.092308021042316390e+00 7.458275392138952853e+00 2.688721179400870853e-01
-6.999247584474373340e+00 7.438270205556190895e+00 2.991142371913639297e-01
-6.906528311690719235e+00 7.415155093617634918e+00 3.282081859831646464e-01
-6.813755918551189339e+00 7.393243081128517247e+00 3.578298251829790111e-01
-6.721154457913305791e+00 7.370488406801216641e+00 3.872154867001212919e-01
-6.629082143140052175e+00 7.344671249293896587e+00 4.154925534466786807e-01
-6.537606318034416830e+00 7.318844239528321083e+00 4.440757182850809115e-01
-6.446527058524339715e+00 7.290991984464384679e+00 4.719805774523605502e-01
-6.355785871491442585e+00 7.261575116695397014e+00 4.993987371184804847e-01
-6.264784537552628763e+00 7.233471153680905097e+00 5.272590305004873912e-01
-6.174112831134597634e+00 7.205335950796154521e+00 5.554442703691260252e-01
-6.084517824381016737e+00 7.172826997609767830e+00 5.822939412167331685e-01
-5.994524324420150485e+00 7.141991175133100889e+00 6.097058720285890576e-01
-5.904829790228894204e+00 7.111594533915756244e+00 6.376172074508263954e-01
-5.815820025675871641e+00 7.078470738764661263e+00 6.647538325982701446e-01
-5.727733311926608728e+00 7.044595354127906717e+00 6.916096143047755218e-01
-5.638989129639472964e+00 7.013068535885099486e+00 7.190915557450030526e-01
-5.550529313209698223e+00 6.980277450111939785e+00 7.461879194168139495e-01
-5.463012743248994774e+00 6.945495874296327976e+00 7.731711798093615640e-01
-5.375466237962967853e+00 6.910822199646237785e+00 8.001787315748141172e-01
-5.287296129830075131e+00 6.878272083291521177e+00 8.276903523961977038e-01
-5.199875458962830876e+00 6.843103513777614388e+00 8.545292856849914243e-01
-5.112669901074756496e+00 6.807787943278698073e+00 8.817363066258132598e-01
-5.025440539830980491e+00 6.772586602579386827e+00 9.089622383034353659e-01
-4.937811808118367729e+00 6.738536612971292250e+00 9.364392285030724850e-01
-4.850562165121229619e+00 6.703332015749897899e+00 9.636478806428826482e-01
-4.763365425549314303e+00 6.668074500885235345e+00 9.911874306773987842e-01
-4.676162330403243139e+00 6.632863212355575300e+00 1.018737580435465251e+00
-4.588749672782107325e+00 6.598276804593554701e+00 1.046422269434366781e+00
-4.501220611630193602e+00 6.563806254248158112e+00 1.074449848073944613e+00
-4.413663232493314048e+00 6.529419878549056477e+00 1.102487110340767407e+00
-4.326141583734210094e+00 6.494906586074683297e+00 1.130487219459796133e+00
-4.238310893781810584e+00 6.461397309320358495e+00 1.158694296315076810e+00
-4.150297757937240206e+00 6.427773771402957692e+00 1.187350378805630546e+00
-4.062282983984614404e+00 6.394155649642166317e+00 1.215979324282106200e+00
-3.974141907679112240e+00 6.361019153107165813e+00 1.244686564735377310e+00
-3.885923441715254611e+00 6.328127670027290819e+00 1.273434724813321317e+00
-3.797405468064680267e+00 6.295202004624491643e+00 1.301926551758836759e+00
-3.708912593945405067e+00 6.262257084278943786e+00 1.330390264071021900e+00
-3.619792047993585893e+00 6.231553227536852368e+00 1.359301655506509610e+00
-3.530600773465126796e+00 6.201197015987576222e+00 1.388297333767555042e+00
-3.441005168440134820e+00 6.170676255590674231e+00 1.417553801725710771e+00
-3.351313267700067211e+00 6.140647277760530542e+00 1.446883063886923448e+00
-3.261206245497664025e+00 6.112334734751494025e+00 1.476525798557389857e+00
-3.170615893826497445e+00 6.084120382676047711e+00 1.506362802653285149e+00
-3.080032412166501032e+00 6.055915409170391506e+00 1.536161382244745521e+00
-2.989201041523616098e+00 6.029031756072431136e+00 1.566186916579331401e+00
-2.898041097659259435e+00 6.003860065074792196e+00 1.596507985876854274e+00
-2.806380558414056203e+00 5.978625674748617058e+00 1.626923787264652255e+00
-2.714783091673236726e+00 5.953671142827298368e+00 1.657348857417644927e+00
-2.622714868217337791e+00 5.931331118469755914e+00 1.688208216583154675e+00
-2.530573292734529911e+00 5.909602253877184630e+00 1.719208442927311342e+00
-2.437972089538923193e+00 5.887790972754183727e+00 1.750224012241411664e+00
-2.345284881652598852e+00 5.867556187934903633e+00 1.781476451749312906e+00
-2.252328533260597787e+00 5.849514134873238902e+00 1.813090138742085689e+00
-2.158964396450704371e+00 5.831765330086756016e+00 1.844795592292775011e+00
-2.065639649623226326e+00 5.814034113792408753e+00 1.876432153533499791e+00
-1.972139534860411603e+00 5.800006654334146639e+00 1.908664963837864104e+00
-1.878611797127584859e+00 5.786870823984454404e+00 1.941094387529546106e+00
-1.784894620466636717e+00 5.773729005759133059e+00 1.973475482963197969e+00
-1.691348003454284044e+00 5.761841930705127623e+00 2.005996250118786683e+00
-1.597671623109641059e+00 5.753920656473096251e+00 2.039170744206103336e+00
-1.504123840051545313e+00 5.746144005155668033e+00 2.072384403340131076e+00
-1.410652664070360718e+00 5.738386491460227390e+00 2.105499880983213945e+00
-1.317415498923929285e+00 5.733982811010295499e+00 2.139113136518413505e+00
-1.224287660908689235e+00 5.731958866414272435e+00 2.173156082965767677e+00
-1.131742300188655959e+00 5.729919296098078263e+00 2.207144352906382334e+00
-1.039285968808751681e+00 5.727893144931459624e+00 2.241035825330948583e+00
-9.473139802634380491e-01 5.731357635731406219e+00 2.275642862055813342e+00
-8.565580873997588052e-01 5.736141636753422368e+00 2.310375905580439149e+00
-7.659098115197311429e-01 5.740905347561680472e+00 2.345189476424080155e+00
-6.756192968302845436e-01 5.746465797646652440e+00 2.380187076899320520e+00
-5.862556668813446725e-01 5.757677515849490391e+00 2.415929114143195111e+00
-4.983252914774766174e-01 5.768645017876187886e+00 2.451623187207788046e+00
-4.104075057345211719e-01 5.779402594612171207e+00 2.487403888809748054e+00
-3.232404938141746897e-01 5.791223627187124023e+00 2.523393385642457520e+00
-2.373885013624698892e-01 5.808404172714920044e+00 2.560107060322639683e+00
-1.528887141618440471e-01 5.825231070535436650e+00 2.596890523154950614e+00
-6.803814395878715615e-02 5.840988914822470512e+00 2.633618253934062903e+00
1.663461906924343717e-02 5.857621701435092199e+00 2.669399437574671907e+00
1.004484616972692590e-01 5.877308531563241623e+00 2.705576699362319815e+00
1.842758087034939152e-01 5.896858186941359214e+00 2.741789098293212934e+00
2.676170594156508376e-01 5.915823775758839886e+00 2.778757125764564684e+00
3.512769918205921327e-01 5.933671763138509192e+00 2.815556708625740701e+00
4.351845114539530379e-01 5.951661790181574929e+00 2.851735034274954117e+00
4.763748754712326949e-01 5.977100461755933125e+00 2.764254169571800812e+00
5.175668687006004243e-01 6.002538795848523456e+00 2.676778406505145202e+00
5.590594662204468879e-01 6.026935334465991723e+00 2.589151054735558066e+00
6.005552173805811522e-01 6.051269223317229162e+00 2.501527849483758725e+00
5.110921066216047581e-01 5.965019151003393638e+00 2.904102078258396169e+00
5.870115726648251764e-01 5.978357057524434026e+00 2.956434265162046771e+00
6.630915920014380793e-01 5.991680646606823757e+00 3.009147669179081053e+00
7.386736348532949581e-01 6.006782796161285631e+00 3.062106857714236074e+00
6.238847470358853675e-01 6.065387480028949341e+00 2.459688470172543440e+00
6.468642857431807780e-01 6.080654530236209609e+00 2.418076527713811430e+00
6.698448445052688216e-01 6.095919015837127475e+00 2.376478934949450394e+00
6.928228016471846828e-01 6.111178475075258021e+00 2.334902527865652111e+00
7.157983676113637284e-01 6.126432885849895982e+00 2.293347734221878653e+00
7.388289197403142827e-01 6.141734581085520617e+00 2.251639654034631732e+00
7.618494669455515567e-01 6.157028266585256482e+00 2.209956498377535272e+00
7.848598832370260459e-01 6.172313846154195538e+00 2.168298557790849124e+00
8.078600529118952212e-01 6.187591229493060396e+00 2.126666108876920536e+00
8.308498704288004300e-01 6.202860331975806218e+00 2.085059415221611090e+00
8.538292397279321211e-01 6.218121074330051457e+00 2.043478727965297725e+00
8.766966389781760682e-01 6.233695377414354866e+00 2.001997993549487376e+00
8.988439491988440277e-01 6.251523504097225903e+00 1.961061208716372128e+00
9.209827429601968873e-01 6.269343717729616294e+00 1.920155236446492886e+00
9.431134953773800955e-01 6.287153329826580261e+00 1.879280099477232291e+00
9.652359411596790340e-01 6.304952112308156664e+00 1.838436344249754439e+00
9.873498406314952236e-01 6.322739853315463066e+00 1.797624486892462237e+00
1.009485710148954496e+00 6.340575423543849176e+00 1.756655383643678681e+00
1.031628948486337682e+00 6.358409602272479866e+00 1.715701002451077706e+00
6.177897174611775011e-01 6.064190509586388167e+00 2.456476335148578993e+00
6.338249351812440535e-01 6.078076390405348306e+00 2.411291650207011195e+00
6.486180672294924454e-01 6.091679900744850329e+00 2.365644420191369779e+00
7.797262241060943788e-01 6.015621824264399287e+00 3.086867871012195952e+00
8.213134827004262561e-01 6.023226983637337995e+00 3.111598843850140739e+00
8.630492809154578504e-01 6.030838581130582021e+00 3.136417490114699724e+00
9.048967813399695359e-01 6.038580164886445445e+00 3.161336686390700201e+00
9.468767451328754525e-01 6.046345880980377174e+00 3.186337668170711179e+00
9.889827202860820288e-01 6.054132272683636629e+00 3.211415717386182589e+00
1.031217615776412799e+00 6.061894635328311409e+00 3.236561943222753257e+00
1.073570185516194098e+00 6.069664291690330060e+00 3.261891656664572370e+00
1.116029374775642236e+00 6.077453776018485243e+00 3.287283011750029793e+00
1.158589137340098940e+00 6.085261911305368976e+00 3.312732929093571421e+00
1.201243775354825516e+00 6.093087596979830600e+00 3.338238438507740380e+00
1.243987913562547343e+00 6.100929800717040052e+00 3.363796691005069839e+00
1.286816477728801367e+00 6.108787552194264059e+00 3.389404963987114439e+00
1.329708924941902737e+00 6.116708858703445273e+00 3.415066833026203952e+00
1.372667601841417229e+00 6.124683863470202994e+00 3.440777736018147515e+00
1.415698968063202390e+00 6.132672708667495698e+00 3.466529404682700655e+00
1.458929997359659891e+00 6.140716854828900395e+00 3.492256266711374568e+00
1.502221684892790066e+00 6.148772406366778576e+00 3.518018288863641096e+00
1.545499795935279419e+00 6.156788918951166423e+00 3.544061184384863505e+00
1.099949430885689861e+00 6.420522373817594719e+00 1.563849194692062294e+00
1.166127351358265951e+00 6.489038706743507134e+00 1.413995403302598097e+00
1.231564619334529098e+00 6.559739215845815430e+00 1.265171595185818010e+00
1.297172718234523847e+00 6.629970328118809597e+00 1.116724956710429151e+00
1.360686416526702969e+00 6.706387394769719457e+00 9.706752721440506937e-01
1.423100954855507583e+00 6.786537096826362969e+00 8.268485136627531373e-01
1.486668556425522203e+00 6.863808552567744137e+00 6.822127201757227644e-01
1.549316081290284197e+00 6.943970764923794725e+00 5.387721830572532733e-01
1.066628091860571947e+00 6.383953390225730828e+00 1.661202973803322935e+00
1.101535933452332250e+00 6.409687602470272694e+00 1.606829749593298606e+00
1.137338884501350345e+00 6.435704590908181366e+00 1.553280185907829125e+00
1.173664813594737399e+00 6.463254719079309041e+00 1.500938180874778594e+00
1.210516061496992979e+00 6.492341182231961660e+00 1.449860534644688670e+00
1.248981822575210732e+00 6.521536134070734292e+00 1.400228912312707408e+00
1.288453539000109505e+00 6.550834933440595087e+00 1.351415242461877941e+00
1.329432185373816910e+00 6.580213057982697400e+00 1.303925042426183900e+00
1.371855165796956433e+00 6.609595920264217384e+00 1.257701859319236837e+00
1.415275768772037202e+00 6.639006191845193250e+00 1.212391556078396437e+00
1.460205646190552153e+00 6.668323316794516842e+00 1.168660960789623893e+00
1.506415263146053674e+00 6.697498256310526088e+00 1.126207432988617363e+00
1.554027590035340411e+00 6.726630653407267957e+00 1.085356214631798322e+00
1.602017098897843717e+00 6.758266781042340021e+00 1.047029464159715095e+00
1.650939324151999399e+00 6.790423806025447817e+00 1.010201143781740640e+00
1.701596837609167467e+00 6.821052242565678547e+00 9.744681367094549795e-01
1.753384964574485894e+00 6.851487455028327567e+00 9.401911820045804058e-01
1.806034562830721057e+00 6.881835544438350993e+00 9.072419995652483138e-01
1.859581990459490131e+00 6.912527656078809812e+00 8.760919767466686103e-01
1.674610727512513275e+00 6.182196304239960583e+00 3.609948464528014433e+00
1.804239864926651782e+00 6.206268082925019414e+00 3.675691939585317591e+00
1.934176742083443701e+00 6.229681933847939668e+00 3.741400349460217711e+00
2.064375289120472079e+00 6.253090942006030772e+00 3.807569237153183295e+00
2.195026494370397874e+00 6.276596513274499856e+00 3.873868737447348387e+00
2.325696920122658273e+00 6.300362527591940598e+00 3.940194080224941331e+00
2.457612541702428377e+00 6.319477942792051550e+00 4.005681011592852059e+00
2.589648751421636419e+00 6.338116478862720449e+00 4.071643241915296585e+00
2.722313164579729605e+00 6.356468500889477902e+00 4.137547853333083836e+00
2.855121498698384386e+00 6.374352494854632845e+00 4.203370473077450598e+00
2.987865254830596395e+00 6.392118469703524042e+00 4.269698393453026597e+00
3.120666299618353623e+00 6.409846391060305848e+00 4.335971803865938057e+00
3.253855582826247872e+00 6.426127063707887110e+00 4.401857989797008486e+00
3.387466900558548044e+00 6.440469680346748937e+00 4.467594671756830671e+00
3.521107747213571226e+00 6.454823937304742465e+00 4.533314068480692960e+00
3.654973899103322488e+00 6.468221392331645170e+00 4.598758833975138849e+00
3.789365861563294580e+00 6.480899416860284035e+00 4.664507020925273473e+00
3.923734325909620235e+00 6.493605709278187810e+00 4.730129449696321764e+00
4.058971593502947783e+00 6.502169358197213533e+00 4.794362266991145205e+00
1.615210996253152231e+00 6.168852825951399943e+00 3.592728139863254011e+00
1.684498993368083619e+00 6.180257054961515450e+00 3.641973197275717222e+00
1.753170499700771989e+00 6.190550015519077576e+00 3.692447866627105668e+00
1.820684203308789995e+00 6.199975245784083100e+00 3.744538780530064503e+00
1.887299904944628626e+00 6.208963992888912209e+00 3.797971178602943532e+00
1.952693481030788325e+00 6.217276168375807543e+00 3.853769000990710403e+00
2.017074425761395506e+00 6.225132888121072128e+00 3.910839282927327965e+00
2.079880091078971649e+00 6.232308484560374673e+00 3.969709895248164866e+00
2.141216676573723277e+00 6.237831957264849514e+00 4.030200217166902021e+00
2.201645475967261678e+00 6.239964377110323923e+00 4.091799834235305688e+00
2.260453844830566883e+00 6.241362870641785854e+00 4.155222768484887474e+00
2.317687352839467696e+00 6.242091222319309018e+00 4.220081089403238117e+00
2.373064440623399385e+00 6.242273994405825199e+00 4.286508868125549654e+00
2.426362896568636351e+00 6.244434372530621502e+00 4.355175498312257254e+00
2.478101553461227180e+00 6.244903107286964072e+00 4.425058510814425361e+00
2.529005468145789859e+00 6.241162100127364276e+00 4.495414783160968319e+00
2.578051591977257750e+00 6.236768956590365676e+00 4.567052046823529388e+00
2.625714821897057849e+00 6.231841654574257205e+00 4.639880623823837702e+00
2.671527770234737975e+00 6.226174839250636417e+00 4.713822572508497011e+00
4.161881728865239438e+00 6.509595593530607793e+00 4.834445535552895912e+00
4.264770359679364908e+00 6.517003689703980029e+00 4.874442190207393999e+00
4.367875897323255430e+00 6.524341092876846382e+00 4.914755159617451241e+00
4.470918915666172389e+00 6.531681188426914808e+00 4.955022520663334262e+00
4.574168716673128188e+00 6.537643350429643618e+00 4.994778807459364423e+00
4.677456957317319919e+00 6.543365925349744039e+00 5.034433068448873172e+00
4.780746001861809980e+00 6.549140399314731908e+00 5.074080208153710636e+00
4.884625514383438727e+00 6.551756061782142204e+00 5.112417489126373837e+00
4.988523339570106074e+00 6.554322097435171912e+00 5.150643943156257620e+00
5.092413021361053005e+00 6.556969636908702270e+00 5.188813456058752216e+00
5.196312675720636598e+00 6.559547817260135361e+00 5.227021287913965253e+00
5.300222599167001114e+00 6.562099567482078122e+00 5.265214342889184884e+00
5.404071884869139808e+00 6.564438842956757725e+00 5.303275372236869956e+00
5.508218407980328024e+00 6.564667579422894583e+00 5.340318394685552583e+00
5.612399916214085849e+00 6.564913995932585955e+00 5.377334351085502284e+00
5.716554918932794216e+00 6.565200369567903316e+00 5.414251067289905350e+00
5.821308347150851326e+00 6.561311890885629161e+00 5.448977945728515238e+00
5.926167661515239438e+00 6.556633003834134499e+00 5.483180161371027594e+00
6.031012535822009468e+00 6.551985474133655174e+00 5.517264893134611548e+00
4.180510068842043125e+00 6.504375188469221136e+00 4.861078012528720294e+00
4.301434211933123919e+00 6.505823458402008264e+00 4.929642627954943457e+00
4.421025939405630822e+00 6.506261100397839670e+00 5.000326079011147229e+00
4.538806008131278880e+00 6.504191033983855341e+00 5.073803033302366927e+00
4.655830957495460609e+00 6.493483033465407672e+00 5.147512516372963809e+00
4.770652841373087760e+00 6.481952055784710787e+00 5.224369891571477353e+00
4.883421189901054227e+00 6.469681589213449158e+00 5.304086213694240826e+00
4.993875962420495362e+00 6.455997817870077427e+00 5.386725879491941704e+00
5.101729991111951357e+00 6.440808986332177355e+00 5.472422663840307955e+00
5.207818622401884312e+00 6.419598205817856673e+00 5.558282421317568556e+00
5.312075182916538019e+00 6.393152643169325522e+00 5.644909111056390039e+00
5.413563907514084228e+00 6.364132622283448448e+00 5.732835650398787841e+00
5.512737298517378370e+00 6.332707559649585427e+00 5.822418798767075465e+00
5.610044947324320574e+00 6.294186804852924588e+00 5.910723672243039850e+00
5.704164942487785162e+00 6.250899865490493035e+00 5.998834304628201330e+00
5.795355071177282547e+00 6.209065842659251544e+00 6.090475029945915608e+00
5.883922214720571198e+00 6.163839738113652267e+00 6.182602800073850879e+00
5.970593671647111300e+00 6.108854120833735024e+00 6.271082697360868430e+00
6.054016815094226622e+00 6.053827448292360636e+00 6.359401136037830859e+00
1.937266692427942694e+00 6.952930706657347137e+00 8.415105720121952571e-01
2.015003328903952173e+00 6.993359625029166970e+00 8.069089888151952383e-01
2.092708040358578270e+00 7.033805311152780959e+00 7.722435456196264925e-01
2.170458553490456577e+00 7.074276552019683528e+00 7.375641316380884271e-01
2.248253182939224271e+00 7.114768774902766602e+00 7.028701375906973858e-01
2.325924187664614617e+00 7.155753651348656597e+00 6.683515808846470785e-01
2.403500047590493072e+00 7.197152283620753543e+00 6.339764605743385406e-01
2.481115607394256184e+00 7.238570158028180934e+00 5.995884748164505007e-01
2.558721135805523517e+00 7.280053374182472226e+00 5.651410317160379115e-01
2.636358858719305420e+00 7.321569339893202688e+00 5.307052141617631946e-01
2.714194487388825738e+00 7.363087015503749555e+00 4.964342561362146133e-01
2.792114658877904887e+00 7.404440733423809817e+00 4.620681245122071346e-01
2.870154058600995484e+00 7.445521999063030805e+00 4.275654284896814872e-01
2.948214576736279291e+00 7.486617172216073257e+00 3.930466247381950162e-01
3.026282914496705612e+00 7.527763065004886123e+00 3.582644076008230649e-01
3.104374685541035017e+00 7.568902345777183349e+00 3.234902497162009949e-01
3.182911812376118643e+00 7.608788034413801249e+00 2.882436360432270028e-01
3.261636890588079041e+00 7.648157497359845181e+00 2.528099408007587479e-01
3.340411866204031188e+00 7.687416777730035733e+00 2.173495484401744282e-01
2.709486200673749678e+00 6.218432207960832514e+00 4.789509541810020643e+00
2.747615722888969714e+00 6.209831380479291063e+00 4.865056238212512874e+00
2.786412565796917207e+00 6.197409071282652171e+00 4.939761813873887242e+00
2.824671116501495494e+00 6.187649025566398286e+00 5.015042516759756985e+00
2.863141860635602942e+00 6.177901977455652727e+00 5.090429949178646218e+00
2.901642714726973882e+00 6.168170162779775367e+00 5.165770537043494315e+00
2.940168229806248590e+00 6.158306461686375854e+00 5.241497563677437022e+00
2.978693703776565282e+00 6.148445276113478464e+00 5.317092479864740540e+00
3.017912818033418709e+00 6.134473490847621058e+00 5.391485178963283609e+00
3.057414613232031009e+00 6.118446674945668740e+00 5.465502627582321971e+00
3.096937865159491654e+00 6.102456627056537464e+00 5.539475124910420156e+00
3.136327558064559096e+00 6.087544439668802987e+00 5.613686272699597524e+00
3.175401578592938368e+00 6.074880419149900845e+00 5.688457352852381632e+00
3.214482763642168450e+00 6.062172667977998586e+00 5.763414666692487032e+00
3.254004192405837159e+00 6.046053107939257210e+00 5.837199532799051127e+00
3.293987279871605889e+00 6.026406220997730045e+00 5.909782334580912178e+00
3.333822726999308816e+00 6.006650165489255677e+00 5.982709832854713916e+00
3.373915658229928560e+00 5.987008732337556260e+00 6.055400400855796228e+00
3.412243396518402250e+00 5.966894814079312326e+00 6.128802132196877750e+00
2.699616275651333108e+00 6.223509416021157925e+00 4.754885679573727764e+00
2.727967622645643075e+00 6.220937895176152921e+00 4.795753404997111780e+00
2.757032752148865118e+00 6.218612247298494822e+00 4.836135083238020549e+00
2.787358809720812847e+00 6.215047311226922666e+00 4.875504716029912089e+00
2.818653401102514167e+00 6.210577879462272577e+00 4.913942640668883755e+00
2.851066748985064514e+00 6.206623421095680548e+00 4.951377908864733612e+00
2.884254390645373256e+00 6.203493293713678192e+00 4.988552918643258671e+00
2.918347978516245611e+00 6.201420142553568660e+00 5.024968483726613755e+00
2.953431883286872672e+00 6.199719409589992125e+00 5.060438772784726424e+00
2.989437914352988113e+00 6.198375630653939261e+00 5.094981745295678266e+00
3.026431260192965489e+00 6.197427050313253361e+00 5.128471610824247406e+00
3.064260160346149231e+00 6.196779760216467814e+00 5.161023143870946406e+00
3.102977290715648095e+00 6.196528599379628410e+00 5.192512087094376838e+00
3.142453818122053377e+00 6.196575955938349978e+00 5.223396096716644621e+00
3.182725029077015044e+00 6.197000574440369114e+00 5.253165822492309900e+00
3.223664712737909444e+00 6.197755064931132374e+00 5.281940446754485485e+00
3.265315187934807462e+00 6.198871858586637806e+00 5.309603699121801412e+00
3.307578192510079784e+00 6.200258425144999919e+00 5.336263046530988596e+00
3.350836545773494102e+00 6.199895941273616984e+00 5.361336452799092100e+00
6.086078121487208392e+00 6.034907802071187710e+00 6.389999382287492757e+00
6.118159825397682994e+00 6.015977363005691636e+00 6.420630259513320226e+00
6.150247951522922030e+00 5.997279291455277495e+00 6.451462368826564209e+00
6.182390334485812211e+00 5.976262433097244475e+00 6.480681806572079928e+00
6.214571866288104651e+00 5.954518476586144970e+00 6.509442409527880891e+00
6.246777753358427887e+00 5.932752212728771291e+00 6.538232718430744939e+00
6.279003916001983043e+00 5.910966353537204121e+00 6.567049147640394047e+00
6.311246478066529164e+00 5.889163464737918297e+00 6.595888305307268773e+00
6.343342368166032585e+00 5.867523620754329983e+00 6.624509617289747077e+00
6.375470332193449607e+00 5.845895394606889894e+00 6.653114423735070559e+00
6.407626963226166872e+00 5.824281446274834018e+00 6.681699194057257429e+00
6.439809082530253193e+00 5.802684318172572908e+00 6.710260551920184113e+00
6.471954744212840005e+00 5.779638100470776862e+00 6.737589161771861512e+00
6.504070775734963838e+00 5.754620198051395796e+00 6.763292300234775567e+00
6.536229295977279641e+00 5.729616242184397912e+00 6.788977008990507045e+00
6.568425968894994860e+00 5.704629860734111269e+00 6.814639539000983959e+00
6.600656736728065965e+00 5.679664509052696708e+00 6.840276314606320796e+00
6.632917803485261388e+00 5.654723471908272181e+00 6.865883932497377273e+00
6.665054676028428382e+00 5.630100214125960179e+00 6.892265736150452682e+00
6.101614963855937823e+00 6.015675519652902814e+00 6.419970769684744560e+00
6.147215567589275231e+00 5.976309581923369585e+00 6.480977461059802991e+00
6.190961174162489478e+00 5.932345482335785292e+00 6.540074642025549778e+00
6.232684450381826835e+00 5.887487108028595983e+00 6.599978677332590138e+00
6.271216478450733156e+00 5.842561648567675903e+00 6.660047496531335653e+00
6.307339708785203669e+00 5.796983033140212349e+00 6.721058255324674491e+00
6.341251536739931360e+00 5.748513102687337728e+00 6.781155914201354662e+00
6.372631415586879733e+00 5.695269708583992063e+00 6.838368211878592895e+00
6.400712105956185560e+00 5.644724752925704969e+00 6.897396767407032669e+00
6.426570061155147506e+00 5.594130711098256548e+00 6.957372612488591734e+00
6.450065165261620770e+00 5.543174021549479136e+00 7.017924351047484244e+00
6.471176445094039664e+00 5.490401300779682359e+00 7.077672770003946567e+00
6.489799708888757124e+00 5.432953385499138754e+00 7.134019215989932938e+00
6.506702615723220617e+00 5.375261470108526396e+00 7.190818678926090612e+00
6.521377082919869395e+00 5.319337284579479075e+00 7.248914067123253702e+00
6.535028126739690357e+00 5.264131281428466202e+00 7.308278056355972829e+00
6.547698310030488855e+00 5.208751715490179457e+00 7.367970316314795376e+00
6.558808884580988874e+00 5.148341156747470393e+00 7.423183562328057761e+00
6.569188046744245391e+00 5.087708719753885056e+00 7.478664223064022565e+00
3.412859539822911348e+00 7.726153634356434097e+00 1.778035607369751470e-01
3.485280003546359140e+00 7.765020272634695964e+00 1.383074118041082434e-01
3.557983120693931411e+00 7.804063358939645312e+00 9.858980200789574377e-02
3.630625839835107893e+00 7.843074376343976972e+00 5.890419210266192168e-02
3.703194365989820103e+00 7.882035123983019531e+00 1.924587719238914085e-02
3.776155286522367760e+00 7.919681678341321529e+00 -2.085487309858930285e-02
3.849926175869554434e+00 7.954657213346589373e+00 -6.178978989424156049e-02
3.924200933609076625e+00 7.987962109788125709e+00 -1.033905110957889922e-01
3.998485584525614200e+00 8.021264033342655253e+00 -1.449693001072339393e-01
4.072596248956193321e+00 8.055200300349198983e+00 -1.863354306905426472e-01
4.146607962177765394e+00 8.089501214233269621e+00 -2.275743665774782598e-01
4.220633524944100934e+00 8.123771973582178063e+00 -2.688062567280823933e-01
4.294665291129569518e+00 8.158039356087712690e+00 -3.100229508579027682e-01
4.368698242193329584e+00 8.192371383889812009e+00 -3.514316206369632045e-01
4.444025352548592878e+00 8.221494873063114994e+00 -3.938884850894260881e-01
4.519573260957976402e+00 8.249433738985402442e+00 -4.365655447885294915e-01
4.595861432110273093e+00 8.273664120262621324e+00 -4.799374905775073974e-01
4.672097692518427436e+00 8.297919027860288566e+00 -5.234902269409217324e-01
4.748309394194704325e+00 8.322110442808325459e+00 -5.667434330284827348e-01
3.383330494739205552e+00 7.707465793213755134e+00 2.017059193754647262e-01
3.426469441442687724e+00 7.727470009454667554e+00 1.866630161796206111e-01
3.470025440834246577e+00 7.747285300502708694e+00 1.725900370888331092e-01
3.513969028159814378e+00 7.766881622325301215e+00 1.594667167326093704e-01
3.558599722737860294e+00 7.786359374773104136e+00 1.472937982459538442e-01
3.603662193496936172e+00 7.805498751529072798e+00 1.364356133744660249e-01
3.649063418496231836e+00 7.824335686737679652e+00 1.267094319857846041e-01
3.694852917566015638e+00 7.842786389625192811e+00 1.183883560894039844e-01
3.741048965173127794e+00 7.860426020568661798e+00 1.110487080542453125e-01
3.787682055917106272e+00 7.877352600570422858e+00 1.049868300244259089e-01
3.834567943815979874e+00 7.893936781701523131e+00 1.000800420023074816e-01
3.881714579100003615e+00 7.910106243384604774e+00 9.653309164357976035e-02
3.929052540551381423e+00 7.925912530434046310e+00 9.414501753445571330e-02
3.976598308915218816e+00 7.941377558798336622e+00 9.274561152871386993e-02
4.024277395050633643e+00 7.956452331546308265e+00 9.251511110723938114e-02
4.072070180605108725e+00 7.971087283097650911e+00 9.359189817027564751e-02
4.119934396952848132e+00 7.985325011878046553e+00 9.582234230190365964e-02
4.167844910457844776e+00 7.999116180610064575e+00 9.932034345898471672e-02
4.215762308993672214e+00 8.012541477131689405e+00 1.039647505461083754e-01
3.441207500262656538e+00 5.946296056216562320e+00 6.200249110256310203e+00
3.470196796904417624e+00 5.925304070115068988e+00 6.271290271578162212e+00
3.499530887390169376e+00 5.900689205057125797e+00 6.340985749423434292e+00
3.528834798547518137e+00 5.875834396855872832e+00 6.410568442662613720e+00
3.557973874331311848e+00 5.850969846763955040e+00 6.479954676469671604e+00
3.587086957442229274e+00 5.826109328099818185e+00 6.549325407115501818e+00
3.616173037826925896e+00 5.801253255931897890e+00 6.618679371608405582e+00
3.645608295147023004e+00 5.769343632446586767e+00 6.685043891129132554e+00
3.674837242901569212e+00 5.740222528545591452e+00 6.752542149223184964e+00
3.703962314670931288e+00 5.711116100674924922e+00 6.819866067256300290e+00
3.733038210643724319e+00 5.682025843329726378e+00 6.887028095434169828e+00
3.762062956164067273e+00 5.652997236778896095e+00 6.954048591496977849e+00
3.791092171994715709e+00 5.619997347768949325e+00 7.018841966029205182e+00
3.820141938452488617e+00 5.583525518181355451e+00 7.081716605562041522e+00
3.848819401730856793e+00 5.547748190812407110e+00 7.144941204135044188e+00
3.877528324182330177e+00 5.513820320503826977e+00 7.209125231522551580e+00
3.906208170682077707e+00 5.479947037745888316e+00 7.273205580775901069e+00
3.934836594075730165e+00 5.445506215559992924e+00 7.336810584107134936e+00
3.963241351919775113e+00 5.404586879193400861e+00 7.396506387538143379e+00
3.468599107733690623e+00 5.941886689431081336e+00 6.226339810944238273e+00
3.526840378222062533e+00 5.910810293750149214e+00 6.320763824302781941e+00
3.588007060450132180e+00 5.879454803786758887e+00 6.413147109618337893e+00
3.651189358691795395e+00 5.848954404738852197e+00 6.503747682272138064e+00
3.717148822398183228e+00 5.819380341615935315e+00 6.592535718639977560e+00
3.786363888359091767e+00 5.780741964428655955e+00 6.674635574386149628e+00
3.857338975482353938e+00 5.744913843180247781e+00 6.755476227906956233e+00
3.930796993467004175e+00 5.711871101984129062e+00 6.835036070549803000e+00
4.006559501130632306e+00 5.679835936279352460e+00 6.912505066290719924e+00
4.084790569772674296e+00 5.639406395353407930e+00 6.982896286528748497e+00
4.164499002586827814e+00 5.600589083228065590e+00 7.049529894457713830e+00
4.246335968805720285e+00 5.562870384547053071e+00 7.114233984888248763e+00
4.330238208395657651e+00 5.526275556401280653e+00 7.176965315062978412e+00
4.415994391326147905e+00 5.486395129589682895e+00 7.234818305528111004e+00
4.503505918808985875e+00 5.445112422159912313e+00 7.288966729502515562e+00
4.592235207025528787e+00 5.406024642575519401e+00 7.339674971541186643e+00
4.682465477913308582e+00 5.367767639359365184e+00 7.388958119013773640e+00
4.773989078863459135e+00 5.330161102292753306e+00 7.436985192602541872e+00
4.866642348741820889e+00 5.293169221527985080e+00 7.483974079255759193e+00
6.142688893077276724e+00 6.542935200416295949e+00 5.561145297710318403e+00
6.254326368967035421e+00 6.533908638773988642e+00 5.604980823012510882e+00
6.366030507144282424e+00 6.524140450080182951e+00 5.648351149671040794e+00
6.478349134349889127e+00 6.508712677278843728e+00 5.688175695036631119e+00
6.590730767547838376e+00 6.492795780016807683e+00 5.727089983967846187e+00
6.702699301523626474e+00 6.477298868045394897e+00 5.766352159706333858e+00
6.814646136511411711e+00 6.462356767658657297e+00 5.805825912321506799e+00
6.926543125465713047e+00 6.447616240892924289e+00 5.844961107931593958e+00
7.038531985252643786e+00 6.431195285033123099e+00 5.882654696443119668e+00
7.150765005677805597e+00 6.410042280371293089e+00 5.916954662801052756e+00
7.263536524004292616e+00 6.387068232158346959e+00 5.947754503997529696e+00
7.377051164811645911e+00 6.365978966335443801e+00 5.976053325396905258e+00
6.094966096866603067e+00 6.551536303451472421e+00 5.533792151596301778e+00
6.159034587375457725e+00 6.551485686584056722e+00 5.549631458582121368e+00
6.223365568639626311e+00 6.552162716856691382e+00 5.564213556133733363e+00
6.287875676483007936e+00 6.553518178244546633e+00 5.577549711889401962e+00
6.352692640378029942e+00 6.555095456912900076e+00 5.589211536879911790e+00
6.417732633355408112e+00 6.557620440243786319e+00 5.599240038531847929e+00
6.482934649180435827e+00 6.560980604363555457e+00 5.607893539666735094e+00
6.548308123875100861e+00 6.565200047408195516e+00 5.614555455941584228e+00
6.613934378198137232e+00 6.568506239127027690e+00 5.618710206671171825e+00
6.679556996898933896e+00 6.572937132236297941e+00 5.621207030158188900e+00
6.745145180473691937e+00 6.578298361821716789e+00 5.622328117651408164e+00
6.810633613363255456e+00 6.584742774831235046e+00 5.621839240541199878e+00
6.876004020174289799e+00 6.592098779337862702e+00 5.619979942811172968e+00
6.941184588127322641e+00 6.600493116457634812e+00 5.616560184545201118e+00
7.006166259047973632e+00 6.609786101823306836e+00 5.611788376082161633e+00
7.070882195374177392e+00 6.620065578934484662e+00 5.605525842339077691e+00
7.135330018921176354e+00 6.631208293210801408e+00 5.597953950024425751e+00
7.199354322870850531e+00 6.643061109571296363e+00 5.588763292581294451e+00
7.263100416660060787e+00 6.654182003736856643e+00 5.577199684293319137e+00
3.409519222586065101e+00 6.201415548823288937e+00 5.388778685000345625e+00
3.468210441755836371e+00 6.202874118855035590e+00 5.416189631547588590e+00
3.526899781894782482e+00 6.204319829757012350e+00 5.443586542695936892e+00
3.585639607567811638e+00 6.205265933079200380e+00 5.470818923102704900e+00
3.644379334324957309e+00 6.206065947556761664e+00 5.497989441247340459e+00
3.703093047564836482e+00 6.206867540376942216e+00 5.525141654056006324e+00
7.311518265982287268e+00 6.661420360539681340e+00 5.570178864132009799e+00
7.359885850321826517e+00 6.668680664581840389e+00 5.563122369253559185e+00
7.408200816217052065e+00 6.675965216359934118e+00 5.556026673083509948e+00
7.456791980279226628e+00 6.683353586476745711e+00 5.548799744648822418e+00
7.505287134099957846e+00 6.692165909836249149e+00 5.542668436834368606e+00
7.553765351494264202e+00 6.701202434339584180e+00 5.536747167126648606e+00
7.602243040109601502e+00 6.710216589592195469e+00 5.530854229262034849e+00
7.650828067590896175e+00 6.719502435472851865e+00 5.524633155775900306e+00
7.699421089218941638e+00 6.728820168218434539e+00 5.518461073107669534e+00
7.748025514135485459e+00 6.738125435159412646e+00 5.512306147401694112e+00
7.796640637344850688e+00 6.747418640086306318e+00 5.506167783823716633e+00
7.845265833785452614e+00 6.756700049781147577e+00 5.500045570820148555e+00
7.893900543450534713e+00 6.765969831380982846e+00 5.493939230941598417e+00
7.942545455343513972e+00 6.775175643841706119e+00 5.487915306217463929e+00
7.991194037596501154e+00 6.784367971299658961e+00 5.481884955336766119e+00
8.039847958204088485e+00 6.793548044053008717e+00 5.475854179827049251e+00
8.088506147883625985e+00 6.802723945502370029e+00 5.469829174377961678e+00
8.137160717385208741e+00 6.811004924595742693e+00 5.463087186803313067e+00
8.185823596867001228e+00 6.818536263937481579e+00 5.455715035775695831e+00
7.357523820716671104e+00 6.676259968523136301e+00 5.551897205044957317e+00
7.450903697287823313e+00 6.701227651027310550e+00 5.524942465404139469e+00
7.543171539575880047e+00 6.730771149586794344e+00 5.498004342234755981e+00
7.634264094996238370e+00 6.761825778878737481e+00 5.469013689834222092e+00
7.724096759831084569e+00 6.794417925499530497e+00 5.438040004359245394e+00
7.812878863544264973e+00 6.825436431704068774e+00 5.402893537892732745e+00
7.900296987139521221e+00 6.857420707839392726e+00 5.365357883203369482e+00
7.986359086190550904e+00 6.893215665472595788e+00 5.326910193039831043e+00
8.070623615203231793e+00 6.932547656725986052e+00 5.287985691760523466e+00
8.153273546516423664e+00 6.973124164578846873e+00 5.247020240649195699e+00
8.234589712118811633e+00 7.012342350982996741e+00 5.202555804261931982e+00
8.314636962312112800e+00 7.052349247687841327e+00 5.156517894294140980e+00
8.393643617603853357e+00 7.093229952838502328e+00 5.109421208459305142e+00
8.471728329183681794e+00 7.136603472996521091e+00 5.062606333069910924e+00
8.549087238083147966e+00 7.181111846024712975e+00 5.015654450105754947e+00
8.625901025206564654e+00 7.225983077352705841e+00 4.968182114125566429e+00
8.702471241030288240e+00 7.269126996627326420e+00 4.918802528054958323e+00
8.778722028268175492e+00 7.311886127515712097e+00 4.868590281736714154e+00
8.854639186868119793e+00 7.354827507334056769e+00 4.818042697929134199e+00
4.840023182305067451e+00 8.352927921059047023e+00 -6.274568021681445895e-01
4.933058825596532415e+00 8.376546303027422979e+00 -6.885880471910867939e-01
5.026984539139908392e+00 8.395515327850684884e+00 -7.498506067916312912e-01
5.119955908275682255e+00 8.414256315203019199e+00 -8.096048230186484451e-01
5.213204264681872147e+00 8.429264527472080104e+00 -8.692603112287045075e-01
5.307118857984862714e+00 8.439130953910179755e+00 -9.285989377950999435e-01
5.401621323250009432e+00 8.438194829153065513e+00 -9.853210405348555856e-01
5.496280395088693815e+00 8.437311632470862577e+00 -1.041760357032119222e+00
5.589195192166042325e+00 8.436644978960490704e+00 -1.095774595513570704e+00
5.682073084775339566e+00 8.435966596492654901e+00 -1.149850330091687578e+00
5.774953847390957407e+00 8.424943816874666425e+00 -1.202085174481607011e+00
5.867745396129369517e+00 8.409409322867523073e+00 -1.253500167164681267e+00
5.960329485961363361e+00 8.393896767654341673e+00 -1.304860563953404329e+00
6.050872923658629610e+00 8.379170993017241997e+00 -1.352990026871850215e+00
6.141780458288775613e+00 8.364188924035737216e+00 -1.401128011224532344e+00
6.233136881912970217e+00 8.347582421788287022e+00 -1.449082541164681937e+00
6.324750784270913861e+00 8.327863665958146200e+00 -1.496532313044867113e+00
6.415150268474353545e+00 8.307249388018597358e+00 -1.544641366187910370e+00
6.505618944845527274e+00 8.282529979460433012e+00 -1.591905346168661639e+00
4.833945776283171902e+00 8.347731918525928663e+00 -6.071148272021044123e-01
4.920547975297766108e+00 8.372618821674311818e+00 -6.452736652030012232e-01
5.009417077679493957e+00 8.389715774170571905e+00 -6.818855505424339380e-01
5.099124159378241039e+00 8.406852206774704683e+00 -7.157877034558451923e-01
5.189399282261009994e+00 8.423992737573232858e+00 -7.472842401777780585e-01
5.280782189251471692e+00 8.436295296305386771e+00 -7.762605003678261228e-01
5.372109748468775869e+00 8.446833339133117846e+00 -8.006439432944756351e-01
5.464145932914853176e+00 8.457431018987108473e+00 -8.220122522867773229e-01
5.556805199911792670e+00 8.468078327015426510e+00 -8.403225609552726905e-01
5.650271857482509930e+00 8.476092609636287634e+00 -8.554262346468476386e-01
5.744380844753210091e+00 8.481555800446649585e+00 -8.676808810776917014e-01
5.838499429652093120e+00 8.487581669771705251e+00 -8.760490955562070248e-01
5.932726315159603026e+00 8.491325250390525881e+00 -8.811740111391778152e-01
6.026879040282720368e+00 8.491295851727999278e+00 -8.826138917257606575e-01
6.120559675486649809e+00 8.491850777990745058e+00 -8.810176295177697403e-01
6.213746759602830849e+00 8.492951906704636400e+00 -8.765825936466162815e-01
6.306249709725254782e+00 8.495277005661554526e+00 -8.661779358814798435e-01
6.398468385425134741e+00 8.501336707442220586e+00 -8.542513567973875066e-01
6.490271375545765942e+00 8.508057686250106499e+00 -8.398887170084038400e-01
6.694658689289445519e+00 5.604744565175066029e+00 6.920867266772793513e+00
6.724285790764175985e+00 5.579406844099875862e+00 6.949444724215004143e+00
6.753933747166960266e+00 5.554088947087551631e+00 6.977995971247165308e+00
6.783300278857762322e+00 5.526033670990293523e+00 7.003741739975211544e+00
6.812691078365047836e+00 5.497621302479728023e+00 7.029243320915234072e+00
6.842133286973861139e+00 5.469164286060486546e+00 7.054784344579453581e+00
6.871623393298902371e+00 5.440666572567931958e+00 7.080361195357419035e+00
6.900862500653783371e+00 5.412397991143955700e+00 7.105734076725100934e+00
6.930137957495793977e+00 5.384082664885936786e+00 7.131150364418737730e+00
6.960270605791795795e+00 5.355926863228561707e+00 7.155688791513465929e+00
6.991394663766263839e+00 5.327943237243437657e+00 7.179254417999367810e+00
7.023474794860665504e+00 5.300422374396003278e+00 7.202198782096174590e+00
7.056522215246375573e+00 5.273407695522688066e+00 7.224475948871391218e+00
7.090112589440225932e+00 5.245123267496079045e+00 7.244044221138999262e+00
7.124495530815752709e+00 5.217138834249117174e+00 7.262453879211766328e+00
7.159662159278723514e+00 5.189829611062059200e+00 7.280152450806523845e+00
7.242666431099341828e+00 5.265470187043902683e+00 7.484605827246539000e+00
7.275688933049665685e+00 5.237587913022820452e+00 7.490941570358011781e+00
7.309505168859313784e+00 5.210206365893486513e+00 7.496719300890952731e+00
3.996143211842182907e+00 5.365221620483808351e+00 7.453479480301393956e+00
4.029031115925703510e+00 5.325907603009186531e+00 7.510376068875808109e+00
4.061545292162735521e+00 5.287331827465756362e+00 7.567476523356604368e+00
4.094157732594753796e+00 5.250074084473331126e+00 7.625365004110294720e+00
4.126652332393612177e+00 5.209509579651499855e+00 7.680760370432521356e+00
4.158888661684843946e+00 5.165564282367818727e+00 7.733817745617288075e+00
4.190526706817651714e+00 5.122333924755650969e+00 7.786022243838129242e+00
4.222225167631677323e+00 5.079018713423520737e+00 7.838329445559440778e+00
4.253979179460504412e+00 5.035625278931038729e+00 7.890731345480950232e+00
4.285784108799410852e+00 4.992159928329884089e+00 7.943220329748157837e+00
4.317198224555977681e+00 4.945487607611289249e+00 7.993162349471230499e+00
4.346575483829293596e+00 4.896985688806332782e+00 8.042609996425733598e+00
4.374211124169865350e+00 4.848195282633505521e+00 8.092700654173180297e+00
4.399570402244568967e+00 4.799981558679933258e+00 8.142554234445068317e+00
4.423294709151678106e+00 4.751467992604019308e+00 8.193044237131427820e+00
4.445489714906472933e+00 4.702690863245549302e+00 8.244110436699392253e+00
4.465663970594320631e+00 4.650412791162718662e+00 8.292512207795432744e+00
4.484225733786674439e+00 4.596501121870494977e+00 8.340032038068981635e+00
4.501446218848157876e+00 4.543707082686046839e+00 8.387668742810594935e+00
3.987003326086846045e+00 5.362113169680366553e+00 7.458930898103394824e+00
4.008873380668594777e+00 5.319508682649588316e+00 7.521707088533470476e+00
4.028166651991241132e+00 5.278285305627118618e+00 7.585617246693428406e+00
4.045239665281672892e+00 5.237749435007408749e+00 7.650419942364786507e+00
4.059617550197632596e+00 5.192522849480057268e+00 7.712365024400408942e+00
4.071479244504059736e+00 5.144961950676383289e+00 7.773001713248166133e+00
4.081009772344931896e+00 5.097460137878941033e+00 7.833886391392426596e+00
4.087756302992548996e+00 5.050770877641123313e+00 7.894095419850999384e+00
4.092291744718443702e+00 5.004902598168129657e+00 7.955272925846051280e+00
4.094515081878922658e+00 4.959933613672733443e+00 8.017405065994308799e+00
4.093623852649779238e+00 4.909218145658122978e+00 8.074824425584161247e+00
4.090445431412462973e+00 4.858822531633173902e+00 8.132338649716091439e+00
4.085001433721415331e+00 4.808771046758166356e+00 8.189862941503012195e+00
4.076789150943522344e+00 4.760065365517026414e+00 8.246190304495003787e+00
4.066439295670580378e+00 4.712194127304749180e+00 8.303073064845568396e+00
4.053865443362349552e+00 4.665183967686197697e+00 8.360466050616098599e+00
4.038376045277637161e+00 4.614779764500840820e+00 8.414092920276113219e+00
4.020578700323344634e+00 4.564117651785137397e+00 8.466843622651676782e+00
4.000652996719368026e+00 4.514028545575388129e+00 8.519405003065712023e+00
4.925460599514240201e+00 5.262778563209728588e+00 7.514389779700577421e+00
4.984891567259771783e+00 5.231925605774713439e+00 7.544498397946812318e+00
5.044518996006562617e+00 5.200886595496327480e+00 7.574616213526416786e+00
5.103725238197773351e+00 5.170472261693506155e+00 7.604019448117570690e+00
5.163073782605908768e+00 5.139995818990898080e+00 7.633480232379779906e+00
5.222483158727412089e+00 5.109187904736088193e+00 7.662754827509552946e+00
5.282028997319833330e+00 5.078026275094713604e+00 7.691838069746062878e+00
5.341739810753088236e+00 5.046800279446284065e+00 7.720975699402279346e+00
5.401095635010185525e+00 5.011653808286725464e+00 7.746676357450437145e+00
5.460660703735094934e+00 4.976650428021668127e+00 7.772141068500185490e+00
6.571422882227987650e+00 5.053823687519376939e+00 7.510245360199514941e+00
6.573641565166902012e+00 5.019850033956547719e+00 7.541912641870240464e+00
6.575584243469104528e+00 4.986407531657686576e+00 7.574071702294142838e+00
6.577615029927965651e+00 4.953309528220804836e+00 7.606799781283725359e+00
6.579643877433818844e+00 4.920121719626725287e+00 7.639617975561090013e+00
6.581668971938493762e+00 4.886850860162219590e+00 7.672519853191565709e+00
6.583311986379801084e+00 4.851585766965405888e+00 7.703451059805347612e+00
6.584897491571731543e+00 4.815962032138844329e+00 7.734185878882805731e+00
6.586476595333526696e+00 4.780250343115912237e+00 7.764998560778890280e+00
6.588047265738722125e+00 4.744477389276935853e+00 7.795915729501807334e+00
6.613469922109978860e+00 4.768963859422772344e+00 7.924722328469846921e+00
6.611952247912845415e+00 4.731568715300121575e+00 7.946628434133898189e+00
6.610472585304306925e+00 4.693348488795255236e+00 7.968868588561689670e+00
6.609008265029042484e+00 4.654881922633603786e+00 7.991245857688100251e+00
6.607662528446086370e+00 4.616381808894935546e+00 8.014165911827934252e+00
6.606655253310967701e+00 4.578455716060934044e+00 8.038500759608016466e+00
6.605658835112363292e+00 4.540334804651960710e+00 8.062956657241125313e+00
6.604860314817345923e+00 4.501680389137479921e+00 8.087695423704740705e+00
6.604064792737244893e+00 4.462820006821115015e+00 8.112516757382776333e+00
4.279415201011565806e+00 8.028231622629432351e+00 1.162213654368138283e-01
4.343072114883433699e+00 8.043924248886392903e+00 1.284746634000010490e-01
4.406732719490089600e+00 8.059618812591651249e+00 1.407258489425619874e-01
4.470484017104232599e+00 8.075458383573437260e+00 1.526575735044963245e-01
4.534232530456999477e+00 8.091287922325030024e+00 1.646144351645756898e-01
4.597676457786745274e+00 8.108249187557317939e+00 1.772016289482003237e-01
4.661047768498047361e+00 8.125258020298156580e+00 1.898504158907909911e-01
4.724613105863389784e+00 8.141369896682665086e+00 2.022713330703114210e-01
4.788364715016220963e+00 8.156851215797804144e+00 2.145130089216124025e-01
4.852119091516930105e+00 8.172322296821254994e+00 2.267541373456655462e-01
4.915883194932281874e+00 8.187763996989936288e+00 2.389869353338620883e-01
4.979670949832842197e+00 8.203302331920697910e+00 2.509313807411723829e-01
5.043460356207836170e+00 8.218841667801266127e+00 2.628742065929698946e-01
5.107188422141736517e+00 8.234192384883456839e+00 2.753651080748696911e-01
5.170726892316650947e+00 8.249034665255143395e+00 2.893098194423924241e-01
5.234038511222677492e+00 8.263486013328643409e+00 3.046289839431411961e-01
5.297088880045571990e+00 8.277434022648387568e+00 3.213869626795367029e-01
5.359805957758148054e+00 8.290734957674171568e+00 3.399017610099292486e-01
5.422199829569532170e+00 8.303504618552194572e+00 3.598105179641253315e-01
3.990118626970105886e+00 4.482802305057237646e+00 8.551738750942183387e+00
4.012356898797302840e+00 4.526293072464294021e+00 8.713031543781962540e+00
3.997669623624123592e+00 4.494617956252382918e+00 8.733089468209826123e+00
6.599779967213351028e+00 4.421108497493107414e+00 8.140008035623392146e+00
6.595479423129858354e+00 4.379217085572716606e+00 8.167617200973092295e+00
6.591162180358353773e+00 4.337154590083207140e+00 8.195338907605481893e+00
6.586796258971329365e+00 4.294846363837425685e+00 8.223032348375811651e+00
6.582367008676431652e+00 4.252259507937202088e+00 8.250634110177681890e+00
6.577983760448487871e+00 4.209104952072157069e+00 8.278578343219205493e+00
6.573827769336903160e+00 4.166454202954171571e+00 8.307587793915219621e+00
6.570132634543461414e+00 4.124338590630968859e+00 8.338049476612310329e+00
6.566423140854108276e+00 4.082136258969026876e+00 8.368575479767827119e+00
6.562707017785153418e+00 4.039864373000435549e+00 8.399183144127720269e+00
6.558988660182345498e+00 3.997545481192418038e+00 8.429889117645704033e+00
6.555259419314073632e+00 3.955154767531511073e+00 8.460648279976592079e+00
6.551520213195021647e+00 3.912696259494262474e+00 8.491457576102201088e+00
6.547693917868323332e+00 3.869940113469667597e+00 8.521981739752931162e+00
6.543802583100306158e+00 3.826949963531967036e+00 8.552310082650871337e+00
6.539903141243935458e+00 3.783897990312453885e+00 8.582682609325530620e+00
6.607690204554409696e+00 4.403188096269080809e+00 8.149406534571957295e+00
6.611944412308487173e+00 4.343331410032117645e+00 8.186283175425360881e+00
6.618295069025498911e+00 4.282666349898035740e+00 8.222981600325578455e+00
6.626579766062532961e+00 4.221726076318991439e+00 8.258933018951656990e+00
6.637184970744211654e+00 4.161752944700801038e+00 8.295896986196888534e+00
6.648473674782382936e+00 4.093035282896449800e+00 8.324111250678836171e+00
6.664653155593185829e+00 4.034479473522201154e+00 8.364665304436778470e+00
6.684884645412351389e+00 3.980597604601413764e+00 8.412213073953500597e+00
6.704390708029365875e+00 3.922073754052227912e+00 8.448877496414427313e+00
6.725611234656839521e+00 3.864406074970132110e+00 8.484534987931370509e+00
6.748506561702162010e+00 3.807663736359667261e+00 8.519119059232725277e+00
8.906196815117082721e+00 7.388468147662506702e+00 4.778253016411427190e+00
8.957657649459125793e+00 7.423185748421027519e+00 4.739269120353041487e+00
9.009116423607613555e+00 7.457908288497507421e+00 4.700277947590632444e+00
9.060572522815752095e+00 7.492635738237749976e+00 4.661279426141243576e+00
9.111859916569811091e+00 7.527448978097452503e+00 4.622129999699144953e+00
9.163151059086754202e+00 7.562245668960426492e+00 4.583004371858267589e+00
9.214445014302203418e+00 7.597025963438135854e+00 4.543902156874131570e+00
9.265764856134145688e+00 7.630495351804587045e+00 4.503859809044655549e+00
9.317043950785523165e+00 7.665259145880563452e+00 4.464638424011054596e+00
9.368597613187414908e+00 7.697584279845909982e+00 4.423999084524662173e+00
9.420154816855662361e+00 7.729625264378483962e+00 4.383181374560906285e+00
9.471681339774232100e+00 7.761688030344837230e+00 4.342405664195005954e+00
9.523393312004978739e+00 7.793906473721104788e+00 4.301421903957068693e+00
9.575080587297152945e+00 7.826100618197947334e+00 4.260471277993875816e+00
9.626742630197378858e+00 7.858270240658282724e+00 4.219554042542085881e+00
9.677989179577171086e+00 7.893535243803259327e+00 4.180848802899957306e+00
9.729177769807551002e+00 7.929012770649328523e+00 4.142358018334634906e+00
9.780338903081691626e+00 7.964454852355328462e+00 4.103910329227699272e+00
9.832176253207654426e+00 7.997006480296743547e+00 4.063379389123891627e+00
8.962273656843043668e+00 7.411072272987398790e+00 4.757034421985862238e+00
9.071838524525070113e+00 7.466934907055764903e+00 4.699243153944486551e+00
9.183587943090367745e+00 7.521122400406755837e+00 4.644193798932313655e+00
9.297287140905876157e+00 7.570265496537207817e+00 4.589043581189839571e+00
9.413179297206299978e+00 7.617683651621036667e+00 4.535586134705039463e+00
9.530245115678530610e+00 7.668603820680841565e+00 4.489398089229391431e+00
9.649998813997550329e+00 7.714035271797864191e+00 4.443638925334892242e+00
9.771761127806909641e+00 7.755463965977276608e+00 4.399546617992883490e+00
9.894975500991106898e+00 7.795420032749514228e+00 4.358526595952314509e+00
1.001963585022479997e+01 7.838509419679397183e+00 4.324041223050166138e+00
1.014528067575042058e+01 7.879838807316256855e+00 4.292177653152318584e+00
1.027217644028509547e+01 7.915275859666929037e+00 4.260049743337626538e+00
1.040015381188532828e+01 7.946984878463630331e+00 4.228416519337608648e+00
1.052873031059631082e+01 7.977577072766103505e+00 4.198347143786921976e+00
1.065803163203242576e+01 8.007161572343845179e+00 4.170048631322754495e+00
1.078779463763098967e+01 8.036042313793741343e+00 4.143023451369877819e+00
1.091794524867554195e+01 8.064314643377551661e+00 4.116922936022139545e+00
1.104828350397851366e+01 8.092103586976515217e+00 4.091625068219685524e+00
1.117854149454590562e+01 8.116631212676528762e+00 4.065112822827299688e+00
6.666338392744443730e+00 8.524701989931335433e+00 -7.948124068044924995e-01
6.841382438093389418e+00 8.536743768476787508e+00 -7.438608965644135651e-01
7.016961047662754858e+00 8.548836244836730103e+00 -6.927095066055292127e-01
7.193037218825097945e+00 8.560984709752593957e+00 -6.413440868214520529e-01
7.368643450213820500e+00 8.572338339009750285e+00 -5.865974107025141437e-01
7.544486196630362684e+00 8.581299257931082280e+00 -5.306022341472194093e-01
7.720762448998315541e+00 8.590127940352655145e+00 -4.739759400038408010e-01
7.893744836770836493e+00 8.603784820163010494e+00 -4.135636167476740566e-01
8.068512824003510886e+00 8.617298045636912818e+00 -3.530326621596502346e-01
8.243670304078847266e+00 8.629622190713142516e+00 -2.921579380753325239e-01
8.419365868122378416e+00 8.643540882633752531e+00 -2.318908899062548101e-01
8.594855045867696219e+00 8.653016553916677012e+00 -1.690033789354147553e-01
8.771441836540812886e+00 8.661702374718514008e+00 -1.071302333110852045e-01
8.945489552188062632e+00 8.673521581539642256e+00 -4.074503408942443256e-02
9.120405352504773688e+00 8.687413204673861244e+00 2.460831751969322703e-02
9.295907416715277094e+00 8.703797997705787992e+00 8.836045252439110598e-02
9.471571233035458448e+00 8.713136853627069911e+00 1.545456168011865306e-01
9.647082830010248244e+00 8.721505448596429844e+00 2.218982159270533328e-01
9.821087202683131068e+00 8.734878231291400397e+00 2.915317992158305560e-01
6.590540955272676804e+00 8.514008851875916051e+00 -8.286561130135315922e-01
6.690536665867609756e+00 8.516975692556654209e+00 -8.176338441087337428e-01
6.790096447485500342e+00 8.518358112821466932e+00 -8.060389092024654589e-01
6.889445172855515942e+00 8.517917046627417221e+00 -7.960923663619283719e-01
6.989064589982267428e+00 8.513416967397697377e+00 -7.871041914052391286e-01
7.088680746759343343e+00 8.507711016037704965e+00 -7.807522667849431386e-01
7.186646891545576565e+00 8.501799520602704163e+00 -7.751613752810673219e-01
7.284564691679769943e+00 8.494545045647154069e+00 -7.725149241598654459e-01
7.382455084736636586e+00 8.483338108127554733e+00 -7.710833197918337545e-01
7.480122099539891600e+00 8.469611926310214756e+00 -7.719259153354268710e-01
7.575486734713535952e+00 8.454838324038147945e+00 -7.750189996295692163e-01
7.670561883533901337e+00 8.438218086185830913e+00 -7.808130776214433633e-01
7.765536964266706477e+00 8.420299007505841260e+00 -7.891194268495939079e-01
7.860152345557152920e+00 8.400964408563268648e+00 -8.002322845431814047e-01
7.954636545242766310e+00 8.378459420628004750e+00 -8.077031031089295654e-01
8.048314032261700390e+00 8.352593446138664390e+00 -8.165633289241621684e-01
8.141510086181662942e+00 8.325440640767526546e+00 -8.277947818969390026e-01
8.232659519529137881e+00 8.297173725220266860e+00 -8.416910744075434270e-01
8.324259984477125229e+00 8.272089547374489982e+00 -8.602160378146520570e-01
5.550715277112663770e+00 8.333261048662219395e+00 3.942378130145735571e-01
5.678772468900113779e+00 8.364196553983010318e+00 4.290857941299847655e-01
5.807595475575006105e+00 8.391794438974493175e+00 4.632245639690346084e-01
5.936499234906462696e+00 8.419226318913523244e+00 4.971627076375005339e-01
6.065410678494038699e+00 8.446674922270906549e+00 5.310867889887009863e-01
6.194227143116825651e+00 8.474095701049533247e+00 5.654490640232845422e-01
6.323111375366790909e+00 8.501257672497800399e+00 5.997104178561957211e-01
6.452440704243152858e+00 8.529945145297753939e+00 6.329904872194140886e-01
6.581321398181495752e+00 8.559754259876902083e+00 6.667022697315250213e-01
6.709943570812615832e+00 8.588732576993757917e+00 7.005520648700309660e-01
6.839407586286124996e+00 8.614263074743776727e+00 7.338177267710481733e-01
6.968098522456742216e+00 8.638799384183363017e+00 7.707020543673968049e-01
7.095832149621533524e+00 8.661894522962940712e+00 8.117764608346959010e-01
7.222573162293267401e+00 8.683822030582636131e+00 8.563667061892761279e-01
7.347779708304067903e+00 8.706315655744868209e+00 9.047843781367813643e-01
7.472646872443102772e+00 8.729414027246241048e+00 9.549302362159840518e-01
7.596098613349047568e+00 8.751462898918912714e+00 1.008667372896296044e+00
7.716929811377283066e+00 8.771504494957106601e+00 1.068001669927189257e+00
7.837106675916289511e+00 8.787045553655133290e+00 1.129906953277722614e+00
5.493551155635918448e+00 8.316616688296528892e+00 3.891285972598725329e-01
5.564271016572996054e+00 8.330695506585399812e+00 4.194484686550735142e-01
5.634456801375670842e+00 8.344234461303191352e+00 4.511369850632422907e-01
5.703844375334844230e+00 8.356839679880074812e+00 4.844235053326994556e-01
5.773097243347613983e+00 8.367326851126204446e+00 5.186722026141125097e-01
5.841129784155185689e+00 8.376763729102075118e+00 5.555785520149030265e-01
5.908481855019719120e+00 8.385644469695973768e+00 5.938556135085776289e-01
5.975074667733677458e+00 8.393915728933221132e+00 6.337399369946004057e-01
6.040720370586163845e+00 8.401553295068366012e+00 6.752581419695145026e-01
6.105159755616679007e+00 8.408941395099999383e+00 7.186391646387556564e-01
6.168044316780569858e+00 8.416793206223367463e+00 7.641585552544539750e-01
6.229741810664147117e+00 8.423843307035070893e+00 8.116348894656211233e-01
6.290174854200451193e+00 8.430159717275669706e+00 8.607691057256527944e-01
6.349453161240631083e+00 8.435812076214865840e+00 9.113168108828754166e-01
6.407970458628528654e+00 8.438920184822427117e+00 9.628676566439474671e-01
6.465838671894140077e+00 8.439573223841582816e+00 1.015193975373318347e+00
6.522542900653415465e+00 8.439496056596235363e+00 1.068593460138993700e+00
6.577960563106644898e+00 8.439087128096028678e+00 1.123378897242747199e+00
6.632001438797257897e+00 8.438017018124948976e+00 1.179462096639867896e+00
6.564080542381659278e+00 8.268043064277341259e+00 -1.617402581024278918e+00
6.623638619369260461e+00 8.261190937887377572e+00 -1.646625001422803880e+00
6.683323231853333546e+00 8.254088622402891318e+00 -1.675515840307680637e+00
6.743226153308218507e+00 8.246264787265181084e+00 -1.704078179950709204e+00
6.803249492522158270e+00 8.237835705970256939e+00 -1.732352781320873225e+00
6.863445526928074969e+00 8.229407368736270101e+00 -1.760447185080677990e+00
6.923805580697095508e+00 8.220980969751392919e+00 -1.788357557186244229e+00
6.588810065193524856e+00 8.263551705586602125e+00 -1.647429904027487568e+00
6.671764942866371229e+00 8.252370829536284091e+00 -1.704815794483162339e+00
6.752874139398485021e+00 8.239620030337546197e+00 -1.763974857039845689e+00
6.834431721840116936e+00 8.225086011291422139e+00 -1.834630858200467340e+00
6.914443522983027890e+00 8.228346080805971852e+00 -1.905585664922555766e+00
6.992718131869814613e+00 8.239191945398680161e+00 -1.976847902123797907e+00
7.071138533963003958e+00 8.250496580632603383e+00 -2.052878967358252815e+00
7.148685978124615481e+00 8.265870702345482712e+00 -2.128073469506386761e+00
7.225410020183836934e+00 8.292132156978743396e+00 -2.200592090629529096e+00
7.301753512258303935e+00 8.318504902084809416e+00 -2.273517937769098385e+00
7.377811896346092801e+00 8.344953006428912801e+00 -2.346723416255145356e+00
7.453621711111130921e+00 8.371726210933228884e+00 -2.420077903497777516e+00
7.529120108926592003e+00 8.400603711770173732e+00 -2.492943963112816519e+00
7.604408824497473240e+00 8.429805794555649712e+00 -2.565930194045242807e+00
7.679564764936085197e+00 8.458576628343948300e+00 -2.639220175244442856e+00
7.754519328519160482e+00 8.487387318333221131e+00 -2.712681081203029088e+00
7.829396546430555937e+00 8.516160784311168186e+00 -2.786042645093142145e+00
7.904146649633127630e+00 8.545544576322935626e+00 -2.859332196729655884e+00
7.978755026171338471e+00 8.575799528270334093e+00 -2.932438344431079980e+00
4.513368133001712579e+00 4.486525354005553190e+00 8.440625391548412182e+00
4.525335624315743210e+00 4.429099870003070372e+00 8.493769384956175728e+00
4.536961839296361987e+00 4.371938107519652839e+00 8.546622493716977687e+00
4.547789273026769052e+00 4.312781418997693628e+00 8.595642396209472125e+00
4.558400760783717587e+00 4.252251859775488363e+00 8.643604791746525962e+00
4.569065171267068237e+00 4.191436668755032180e+00 8.691792391527227934e+00
4.579779353688230081e+00 4.130351112728123830e+00 8.740193607744719984e+00
4.590517482475366506e+00 4.068919496826485016e+00 8.788688257526407810e+00
4.522441990661091538e+00 4.491219150304310403e+00 8.434245621855772868e+00
4.545121413536056032e+00 4.438998090286712994e+00 8.480187290431446812e+00
4.569756824442094967e+00 4.387096608039350087e+00 8.525315484110974396e+00
4.595516435184523907e+00 4.335677132379654353e+00 8.566655484844131863e+00
4.622814567551387199e+00 4.282823359983636280e+00 8.604756211280617961e+00
4.651955351931491123e+00 4.230327762415502235e+00 8.642173750149090949e+00
4.682910775072627985e+00 4.178105373686562984e+00 8.678984229161050834e+00
4.715749032249259898e+00 4.126177982118367282e+00 8.714956635912761485e+00
4.750525326869802889e+00 4.074721576060294836e+00 8.750103788059085730e+00
4.787244552370393258e+00 4.023829447741583465e+00 8.784374627806696978e+00
4.824830717972050209e+00 3.973649518400561576e+00 8.814679359720798857e+00
4.863486628312285731e+00 3.922809536590794011e+00 8.843361541119874047e+00
4.903229588805396943e+00 3.872055649196412652e+00 8.871725971124218901e+00
4.943889661088042509e+00 3.821321805111760561e+00 8.899856472133619079e+00
7.342247520295894780e+00 5.181381387147904860e+00 7.503528363893147812e+00
7.375227554769340443e+00 5.152354736147039205e+00 7.510382820977005380e+00
7.408602802110039853e+00 5.123486046284478235e+00 7.517931694855331415e+00
7.442226928480755177e+00 5.094528739525681971e+00 7.525683007394243340e+00
7.476048753045025030e+00 5.065405647940190548e+00 7.533477361233280156e+00
7.449606232210244983e+00 5.115004974451616171e+00 7.512189248365810812e+00
7.592269664926034167e+00 5.025190454230161308e+00 7.526565745010886488e+00
7.726936194484255616e+00 4.854914065179550597e+00 7.470968056334089447e+00
7.894172253646298820e+00 4.811299752784178985e+00 7.568210278091910048e+00
8.061479850026165295e+00 8.605760614189323476e+00 -3.002810721974224606e+00
8.144074152023346613e+00 8.635790003933891512e+00 -3.073416574730234885e+00
8.226679712771785447e+00 8.666058510711851071e+00 -3.143946819477298149e+00
8.309290941414806397e+00 8.696460459883621041e+00 -3.214433927339453767e+00
8.391920955910821434e+00 8.726823360519897932e+00 -3.284933081319813652e+00
8.474566195769156707e+00 8.757180098066434937e+00 -3.355433981667242271e+00
8.557359312786294581e+00 8.786916814312121460e+00 -3.426209790767155816e+00
8.640208793036874724e+00 8.815944550858235473e+00 -3.497212292285341473e+00
8.723058159595021621e+00 8.844974568359520006e+00 -3.568222379616927675e+00
8.806060301296747994e+00 8.871916071472583099e+00 -3.639788357749848213e+00
8.889065713314005635e+00 8.898585661727558715e+00 -3.711388555267666867e+00
8.972155892585909953e+00 8.925106287145426975e+00 -3.783725106524177928e+00
9.055239751124430470e+00 8.951594026178742780e+00 -3.855945627928517805e+00
9.138358862714936137e+00 8.976328722242868707e+00 -3.928344399748256777e+00
9.222525865431640213e+00 8.998496390404138623e+00 -4.003088596123144605e+00
9.306378562346605321e+00 9.020493981558189489e+00 -4.077181781552694062e+00
9.390005738953204784e+00 9.041619319037963010e+00 -4.150549193369630352e+00
9.473412934508933958e+00 9.059070239887676124e+00 -4.224100760359884355e+00
9.556588963813853255e+00 9.068013273192798707e+00 -4.298805077896664883e+00
8.040678142824834396e+00 8.604124298253225334e+00 -3.002694622210003494e+00
8.100694741198028126e+00 8.632831648958285697e+00 -3.074527686009608907e+00
8.158830326960845980e+00 8.661860340574774497e+00 -3.147749154681493966e+00
8.214965893952996367e+00 8.691390688648381158e+00 -3.222306850529040645e+00
8.269491933900171787e+00 8.721200811060827007e+00 -3.297948853374355060e+00
8.322077937961898542e+00 8.750019733446103842e+00 -3.375330485953765614e+00
8.372416378557460348e+00 8.778484105021316708e+00 -3.454316342503586323e+00
8.420318512764586316e+00 8.807152902431045760e+00 -3.534716995793394823e+00
8.465645320856868494e+00 8.836120959055540069e+00 -3.616888515692239014e+00
8.508399716894530229e+00 8.864688323170090811e+00 -3.700430594196210787e+00
8.549260557439069430e+00 8.891942468875587480e+00 -3.786026777536820820e+00
8.587739210702212134e+00 8.919260440697110326e+00 -3.872543411430037441e+00
8.623740833935221062e+00 8.946625437789441193e+00 -3.959947969308348803e+00
8.657419816808419100e+00 8.971603326316813565e+00 -4.048760397199083982e+00
8.688619576086603402e+00 8.994909304655090310e+00 -4.138721140847374969e+00
8.717731402737411983e+00 9.015101180382819379e+00 -4.230047825473122636e+00
8.744676230923946747e+00 9.035436189120611417e+00 -4.322826307849622296e+00
8.769072936095824389e+00 9.055665192747669678e+00 -4.415937182621344270e+00
8.790927774128391547e+00 9.075775675005429477e+00 -4.509315602911049936e+00
9.869992145161001318e+00 8.017126886130721886e+00 4.037489630021140030e+00
9.907793047316724611e+00 8.037228515696021702e+00 4.011628598753631536e+00
9.945576576114801171e+00 8.057312234308545484e+00 3.985794279620797020e+00
9.983274469227451320e+00 8.077826275777557186e+00 3.960262662989454618e+00
1.002073302263578825e+01 8.099851026696287093e+00 3.935682102868410137e+00
1.005818382046488857e+01 8.121868053372551799e+00 3.911111563307319905e+00
1.009562679513102168e+01 8.143877306904185431e+00 3.886551102937923829e+00
1.013332997758463172e+01 8.166031865745647877e+00 3.861831878435885823e+00
1.017098700251033172e+01 8.188164168399262977e+00 3.837135332145066968e+00
1.020859785308271306e+01 8.210274186053915457e+00 3.812461504590247241e+00
1.024616249957288794e+01 8.232361900795780230e+00 3.787810415956015753e+00
1.028303287128911236e+01 8.254752210813153468e+00 3.762507118873250622e+00
1.031897329740475477e+01 8.277538433078618141e+00 3.736344869642902466e+00
1.035421059358568030e+01 8.298654371098519889e+00 3.708045432798450669e+00
1.038858559862100783e+01 8.319513575112132742e+00 3.678562732425997517e+00
1.042204853639941398e+01 8.340702275782314601e+00 3.648344117253360608e+00
1.045450893234137979e+01 8.362232243709616597e+00 3.617352547742346935e+00
1.048599679363962522e+01 8.384071081403044801e+00 3.585649301429869595e+00
1.051654837889408789e+01 8.406187615049944384e+00 3.553294712681870138e+00
7.941716176391883764e+00 8.798313509301985746e+00 1.197163574295935229e+00
8.046439484997883085e+00 8.809917493333120575e+00 1.264153453509909930e+00
8.151152979999118031e+00 8.821554792312475968e+00 1.331162312003502768e+00
8.256346918589519746e+00 8.831404367551026979e+00 1.397558416148067417e+00
8.362319066220591068e+00 8.838282064611631128e+00 1.463044388467185986e+00
8.468330008237625606e+00 8.845227688751947426e+00 1.528350838398538247e+00
8.574675970610591946e+00 8.852303116598157828e+00 1.593065592803875052e+00
8.681082613835188866e+00 8.859215593803513755e+00 1.657715055224074474e+00
8.787397127519643192e+00 8.864071845404366101e+00 1.721658823317569587e+00
8.894197282562808837e+00 8.866718164714665562e+00 1.785548075121523803e+00
9.000994651967053173e+00 8.869348153646509303e+00 1.849485576480885296e+00
9.107799066098277052e+00 8.872038475370821686e+00 1.913450212179745424e+00
9.214632347368777232e+00 8.874873160545375228e+00 1.977295760738802199e+00
9.321486678658633451e+00 8.877717292331597676e+00 2.041126450706685524e+00
9.428361221008634274e+00 8.880570942225661568e+00 2.104941491267959375e+00
9.534424755161833076e+00 8.881653269449557797e+00 2.169777521394588682e+00
9.641557121089743276e+00 8.881812178048809514e+00 2.232589694465003660e+00
9.750287883999931182e+00 8.877885594275515047e+00 2.291890138610959138e+00
9.860044672681199884e+00 8.873398529912131849e+00 2.348753314581294660e+00
7.910403000181691624e+00 8.797209386782940399e+00 1.164203426709693012e+00
7.984251612549632782e+00 8.807773982397911539e+00 1.197268050579134879e+00
8.058428779846222412e+00 8.818677909235258738e+00 1.229477637552346625e+00
8.133435617675527141e+00 8.830169344651057628e+00 1.259486035213764232e+00
8.209034106287887766e+00 8.842074911550025007e+00 1.287886887357504673e+00
8.285237647921809057e+00 8.854351173487797766e+00 1.314403481701777787e+00
8.362097614654869560e+00 8.867220513940463178e+00 1.338643676050615516e+00
8.439429844928524105e+00 8.880570761305966343e+00 1.361028445658249542e+00
8.517418075954850565e+00 8.894376854082716832e+00 1.381628266273795314e+00
8.595852434066580727e+00 8.908703883463145345e+00 1.399798330963650805e+00
8.674603026040157872e+00 8.923454977239440922e+00 1.415930183013978771e+00
8.753723682634603875e+00 8.936802255601598688e+00 1.429534486701205642e+00
8.833431377550452268e+00 8.948820241701755052e+00 1.440587765681426990e+00
8.913228842350797265e+00 8.961304191368348881e+00 1.449784131474420201e+00
8.993124530968916730e+00 8.974173726402979057e+00 1.457096446850644211e+00
9.073253578954274090e+00 8.987642259664138322e+00 1.462186704533456449e+00
9.153398881938993981e+00 9.001408849000156920e+00 1.465282050260100055e+00
9.233505658134520289e+00 9.015443405313442682e+00 1.466520128584444249e+00
9.313522018158606031e+00 9.029737665359579779e+00 1.465894543683228468e+00
8.396323348908746098e+00 8.249440141081144873e+00 -8.817109003738334838e-01
8.468447760989262108e+00 8.223555874607706428e+00 -9.017357895533628653e-01
8.540845724984549747e+00 8.196935169860580572e+00 -9.214899971764849429e-01
8.613632361398146031e+00 8.170192136072646605e+00 -9.413081923374458926e-01
8.691147070896073856e+00 8.132701361737556311e+00 -9.872087159190052752e-01
8.770079693059571468e+00 8.112551242533401208e+00 -1.030763148422612963e+00
8.848685553203612386e+00 8.092898817332166317e+00 -1.072046352319028006e+00
8.927199940627511765e+00 8.072022809323071257e+00 -1.111066569927123826e+00
9.004692839571498908e+00 8.050355111756392290e+00 -1.147248559006300406e+00
9.083698540119405251e+00 8.045815892807885561e+00 -1.182238769753533481e+00
9.162970001788739438e+00 8.047863191189733811e+00 -1.215007980736914739e+00
9.243120100614945045e+00 8.050455334948027897e+00 -1.250798566283066071e+00
9.323178012842838314e+00 8.052845993112399015e+00 -1.286066812180720165e+00
9.403145567142134453e+00 8.054804017386899773e+00 -1.320660210293469694e+00
9.483221253008260021e+00 8.062618936000701453e+00 -1.353033009282978094e+00
9.563399477111333979e+00 8.076069194140588436e+00 -1.382879304940277665e+00
9.643470414217688358e+00 8.088403710880989195e+00 -1.412345247556395567e+00
9.723454541863764788e+00 8.100483914208565395e+00 -1.441189195820725910e+00
9.803347400924485200e+00 8.112315638224451675e+00 -1.469425478308964861e+00
8.400329837493137219e+00 8.253173836616243264e+00 -8.718239707415497142e-01
8.476684983919353655e+00 8.232223687846223825e+00 -8.800828783287895085e-01
8.553471759865985291e+00 8.211494285390077863e+00 -8.856990165171155782e-01
8.630789455363339968e+00 8.191753680230808854e+00 -8.890406432382339519e-01
8.708562871352793167e+00 8.173023784723783436e+00 -8.900989654465516487e-01
8.786784435241694169e+00 8.152205076369872572e+00 -8.952110588364724508e-01
8.865435547016190299e+00 8.132297983052291457e+00 -8.982548573577303630e-01
8.944437416361303406e+00 8.113388918815577000e+00 -8.990914859175019869e-01
9.024589294380280791e+00 8.099816001430836465e+00 -8.991366053073627240e-01
9.104852296129212874e+00 8.086033048361208841e+00 -8.963907615324766542e-01
9.185299645380617051e+00 8.072772572918694323e+00 -8.911160477643836897e-01
9.265861165250075970e+00 8.060033265975578232e+00 -8.833504328396183380e-01
9.349565621271612059e+00 8.043550385737365360e+00 -8.902129343788522942e-01
9.433117978064425202e+00 8.027781500753622623e+00 -8.939170317200307858e-01
9.516495255840974110e+00 8.012697102729010368e+00 -8.946173613066698005e-01
9.599666056188029373e+00 7.998269869080010253e+00 -8.924654413916150997e-01
9.682612756642789975e+00 7.981903826205047459e+00 -8.872760898799157969e-01
9.761160460667525740e+00 7.971032794137321353e+00 -8.623322391619946403e-01
9.839569488921217300e+00 7.960571351950997077e+00 -8.357608314484512579e-01
1.131776849159414944e+01 8.133514479910621375e+00 4.042929981635423609e+00
1.145704566820357151e+01 8.150336256305630300e+00 4.020663144526358757e+00
1.159637725193971391e+01 8.167125944116895297e+00 3.998329620193497913e+00
1.173569924923516972e+01 8.183770378472432938e+00 3.976182970892318203e+00
1.187479149563691116e+01 8.199928307652431414e+00 3.953519545826742032e+00
1.201315293383943406e+01 8.213518248128004018e+00 3.928436861764633026e+00
1.215072358320319701e+01 8.219659823147315691e+00 3.897420378148464426e+00
1.228799440573488866e+01 8.225675466463128416e+00 3.866614417997361830e+00
1.242539355342648832e+01 8.231311808299498267e+00 3.836268483051194611e+00
1.256371654277951677e+01 8.240457027047590088e+00 3.807384955103795932e+00
1.270169513545532958e+01 8.249888587482628211e+00 3.778917319463323654e+00
1.283716094976389499e+01 8.254843471532078425e+00 3.746860972940548873e+00
1.297095395061398015e+01 8.251877204156023993e+00 3.708109686185856013e+00
1.310460464947093406e+01 8.249288065048133944e+00 3.668977192913884799e+00
1.323602367402457780e+01 8.244562345741771381e+00 3.628757589849461063e+00
1.336697844720392503e+01 8.239529577996938414e+00 3.587604831464124011e+00
1.349771539040714607e+01 8.234834845002936277e+00 3.546100583210501256e+00
1.362290531208196498e+01 8.221173093594122960e+00 3.496274173191378676e+00
1.374571927352366885e+01 8.201893629412623454e+00 3.445181199105772585e+00
1.130416322562431830e+01 8.143137183725324135e+00 4.030630610466075403e+00
1.142830781036984789e+01 8.171864149471334215e+00 3.993126449929988997e+00
1.155105025942969732e+01 8.202696637202022245e+00 3.952819106213415257e+00
1.167244204230738092e+01 8.234373847836254257e+00 3.909872702243807119e+00
1.179218107979159669e+01 8.268017496508075936e+00 3.863980704445213910e+00
1.190982289264304939e+01 8.304100602352008309e+00 3.814786366916204319e+00
6.716771812077618975e+00 8.430409184889995799e+00 1.285577314204443322e+00
6.801766368184219758e+00 8.421789996486468866e+00 1.391322241579562302e+00
6.887071508481260373e+00 8.412190882107177359e+00 1.496739853412000221e+00
6.972473760166785439e+00 8.402338951715341508e+00 1.601981663215097385e+00
7.058419392201369824e+00 8.390702443928274690e+00 1.706629953252726040e+00
7.144366454712556269e+00 8.379077560445324480e+00 1.811246989500755911e+00
7.230342008538337417e+00 8.367360354652578991e+00 1.915832080435090568e+00
7.316489216057248335e+00 8.355075237676606648e+00 2.020213260025336410e+00
7.402632427225597667e+00 8.342790363935876030e+00 2.124590492492422378e+00
7.486010847342818408e+00 8.328937841209826942e+00 2.230993562458088331e+00
7.566648687540187268e+00 8.313231005590596467e+00 2.339152619521781773e+00
7.644993922986693669e+00 8.294166170971937646e+00 2.448435850768774902e+00
7.720875564188348861e+00 8.271759645128152982e+00 2.558622217028688972e+00
7.794105234036538654e+00 8.247151689248465090e+00 2.670125650071981216e+00
7.864399200312228722e+00 8.221390697873989239e+00 2.783262896917669593e+00
7.932428380194813222e+00 8.191796800549026258e+00 2.896590233727313723e+00
7.998167770086436867e+00 8.158356738788524964e+00 3.010051588510219478e+00
8.060847434854894189e+00 8.124295434026395313e+00 3.125067473384834482e+00
8.120219257258153078e+00 8.090098482393313972e+00 3.241716302329115340e+00
6.672792341337059341e+00 8.438408188523279563e+00 1.218124430192563779e+00
6.713612003181877341e+00 8.438823111329874394e+00 1.256742181445233975e+00
6.754892633562294080e+00 8.439422583777016484e+00 1.295245633054540990e+00
6.796873511294187153e+00 8.439472382859484867e+00 1.332865348584053589e+00
6.839631595005152498e+00 8.439910316903842968e+00 1.369593871427468690e+00
6.883302950883827265e+00 8.440976087559942442e+00 1.405214583108459259e+00
6.927478640303835533e+00 8.442398703780050084e+00 1.440192515862290135e+00
6.972571309437637588e+00 8.444521172904906336e+00 1.473968794335144272e+00
7.018311293576529941e+00 8.447346615505276546e+00 1.506805792033265368e+00
7.064952693543903983e+00 8.450872248112027307e+00 1.538284785651821140e+00
7.112345946970374477e+00 8.455011185628247716e+00 1.568539969944638290e+00
7.160303170299574305e+00 8.459628660452107596e+00 1.597819631929443318e+00
7.208981201949532291e+00 8.464884046899921799e+00 1.625770676657656733e+00
7.258378763458225968e+00 8.470262729041321492e+00 1.652404521847087304e+00
7.308395871804370891e+00 8.476389398911218009e+00 1.677683906640191402e+00
7.358958732403570124e+00 8.483138913710154938e+00 1.701685687620859033e+00
7.409967199966000173e+00 8.490427117072259833e+00 1.724560107013652699e+00
7.461466688486540377e+00 8.498347703410434661e+00 1.746083880413118683e+00
7.513464392185736251e+00 8.506875152274774976e+00 1.766334409479158873e+00
9.867568784267035653e+00 8.736256649971741339e+00 3.065328306078134446e-01
9.914068609006269739e+00 8.737665972814285809e+00 3.215781548763530506e-01
9.960581760330907031e+00 8.739109598229338971e+00 3.366706682379630444e-01
1.000710427842906292e+01 8.740588642567233890e+00 3.518106533022094529e-01
1.005363251797547974e+01 8.742103866891341113e+00 3.669980329873096525e-01
1.010033063493510319e+01 8.743486750725281809e+00 3.820664726102871445e-01
1.014706405972509451e+01 8.744864785178235067e+00 3.971388489604452676e-01
1.019383012604010119e+01 8.746237551251908826e+00 4.122138715760526040e-01
1.024062630213297709e+01 8.747604677208128621e+00 4.272903481517795199e-01
1.028685780628785018e+01 8.747858815828202239e+00 4.436101370497360086e-01
1.033300207472691667e+01 8.747840736536543815e+00 4.602832685814501890e-01
1.037914141705592641e+01 8.747900985482436553e+00 4.770419675389072078e-01
1.042527320568386173e+01 8.748039291824628805e+00 4.938849813219061691e-01
1.047163387510402188e+01 8.748773987430624288e+00 5.104868888799040105e-01
1.051801429073156235e+01 8.749552973850358129e+00 5.271368026564362541e-01
1.056441134387843661e+01 8.750372845405156141e+00 5.438368688685137897e-01
1.061082293606637705e+01 8.751233737855603323e+00 5.605865202497457567e-01
1.065724710177299706e+01 8.752135752268710434e+00 5.773851970860939264e-01
1.070389878643914372e+01 8.752749497782891908e+00 5.939477500942297317e-01
9.898168919464984228e+00 8.745089558853438305e+00 3.264330536788312420e-01
9.974347340150274022e+00 8.756533805885180044e+00 3.626361440275726600e-01
1.004959846215549213e+01 8.769366415155722905e+00 4.003308381081568390e-01
1.012408245954543240e+01 8.783217619602007531e+00 4.390951160539354192e-01
1.019734384214436851e+01 8.798630914482664878e+00 4.794865098496992606e-01
1.026910939342527307e+01 8.813485602063453328e+00 5.223864902226532658e-01
1.033969935002293639e+01 8.829181044848848359e+00 5.672878801161875817e-01
1.040920131850961639e+01 8.847117020708477497e+00 6.131661374573165180e-01
1.047739498632248889e+01 8.866278594129795465e+00 6.606235568404377201e-01
1.054371742918922372e+01 8.886359421714860929e+00 7.102681330659624814e-01
1.060860808011914003e+01 8.906526461503082359e+00 7.608704613976270403e-01
1.067221647758140612e+01 8.927849946948725801e+00 8.125575863895405648e-01
1.073464406303090968e+01 8.950194040871549461e+00 8.651842299376610868e-01
1.079634030365491526e+01 8.973946838689808914e+00 9.181180989663665359e-01
1.085622951029158934e+01 8.992942626563674935e+00 9.743343358901165319e-01
1.091510128854819150e+01 9.011122842056106919e+00 1.031960485792093651e+00
1.097277149226901116e+01 9.029833886189504000e+00 1.090149633243946425e+00
1.103027999982979956e+01 9.048603498745933393e+00 1.148389734667306428e+00
1.108770051282904312e+01 9.067377171377351885e+00 1.206603932672644985e+00
