148
472
482
343
343
782
421
677
962
1077
1336
1366
1467
938
938
1194
1194
1311
1311
1405
1405
1763
1545
2253
2271
2308
2339
2489
2114
2490
1802
2503
2639
2919
2932
3020
3239
3324
3509
3517
3524
3611
3615
2378
3725
2456
2456
3731
3741
3840
3854
3480
4066
4173
3780
3780
4267
4317
4341
4479
4558
3363
4864
4919
4930
4934
4306
4938
5030
5150
5158
5173
5187
5193
5207
4105
4105
5266
5357
5373
4458
5472
5477
5484
3893
5501
4144
4144
5653
5807
5816
5842
5305
5934
6018
6035
5451
5451
5579
5618
5618
6297
6301
6325
6191
6468
6482
6571
6581
6648
6722
6813
6833
7056
7119
5920
7141
7162
5731
7171
7186
6950
6911
6761
7028
7095
7095
6800
6800
7674
7699
7702
7705
7733
