-7.559000000000000163e+00 7.541999999999999815e+00 1.110000000000000014e-01
-7.465673486616810628e+00 7.526978905012097876e+00 1.433856797232953839e-01
-7.372169468828209560e+00 7.512004574106550869e+00 1.756651942007702860e-01
-7.278759253881953661e+00 7.496232621514428374e+00 2.076147616655726891e-01
-7.185525925609660192e+00 7.477070753360151478e+00 2.381586255305487565e-01
-7.092308021042316390e+00 7.458275392138952853e+00 2.688721179400870853e-01
-6.999247584474373340e+00 7.438270205556190895e+00 2.991142371913639297e-01
-6.906528311690719235e+00 7.415155093617634918e+00 3.282081859831646464e-01
-6.813755918551189339e+00 7.393243081128517247e+00 3.578298251829790111e-01
-6.721154457913305791e+00 7.370488406801216641e+00 3.872154867001212919e-01
-6.629082143140052175e+00 7.344671249293896587e+00 4.154925534466786807e-01
-6.537606318034416830e+00 7.318844239528321083e+00 4.440757182850809115e-01
-6.446527058524339715e+00 7.290991984464384679e+00 4.719805774523605502e-01
-6.355785871491442585e+00 7.261575116695397014e+00 4.993987371184804847e-01
-6.264784537552628763e+00 7.233471153680905097e+00 5.272590305004873912e-01
-6.174112831134597634e+00 7.205335950796154521e+00 5.554442703691260252e-01
-6.084517824381016737e+00 7.172826997609767830e+00 5.822939412167331685e-01
-5.994524324420150485e+00 7.141991175133100889e+00 6.097058720285890576e-01
-5.904829790228894204e+00 7.111594533915756244e+00 6.376172074508263954e-01
-5.815820025675871641e+00 7.078470738764661263e+00 6.647538325982701446e-01
-5.727733311926608728e+00 7.044595354127906717e+00 6.916096143047755218e-01
-5.638989129639472964e+00 7.013068535885099486e+00 7.190915557450030526e-01
-5.550529313209698223e+00 6.980277450111939785e+00 7.461879194168139495e-01
-5.463012743248994774e+00 6.945495874296327976e+00 7.731711798093615640e-01
-5.375466237962967853e+00 6.910822199646237785e+00 8.001787315748141172e-01
-5.287296129830075131e+00 6.878272083291521177e+00 8.276903523961977038e-01
-5.199875458962830876e+00 6.843103513777614388e+00 8.545292856849914243e-01
-5.112669901074756496e+00 6.807787943278698073e+00 8.817363066258132598e-01
-5.025440539830980491e+00 6.772586602579386827e+00 9.089622383034353659e-01
-4.937811808118367729e+00 6.738536612971292250e+00 9.364392285030724850e-01
-4.850562165121229619e+00 6.703332015749897899e+00 9.636478806428826482e-01
-4.763365425549314303e+00 6.668074500885235345e+00 9.911874306773987842e-01
-4.676162330403243139e+00 6.632863212355575300e+00 1.018737580435465251e+00
-4.588749672782107325e+00 6.598276804593554701e+00 1.046422269434366781e+00
-4.501220611630193602e+00 6.563806254248158112e+00 1.074449848073944613e+00
-4.413663232493314048e+00 6.529419878549056477e+00 1.102487110340767407e+00
-4.326141583734210094e+00 6.494906586074683297e+00 1.130487219459796133e+00
-4.238310893781810584e+00 6.461397309320358495e+00 1.158694296315076810e+00
-4.150297757937240206e+00 6.427773771402957692e+00 1.187350378805630546e+00
-4.062282983984614404e+00 6.394155649642166317e+00 1.215979324282106200e+00
-3.974141907679112240e+00 6.361019153107165813e+00 1.244686564735377310e+00
-3.885923441715254611e+00 6.328127670027290819e+00 1.273434724813321317e+00
-3.797405468064680267e+00 6.295202004624491643e+00 1.301926551758836759e+00
-3.708912593945405067e+00 6.262257084278943786e+00 1.330390264071021900e+00
-3.619792047993585893e+00 6.231553227536852368e+00 1.359301655506509610e+00
-3.530600773465126796e+00 6.201197015987576222e+00 1.388297333767555042e+00
-3.441005168440134820e+00 6.170676255590674231e+00 1.417553801725710771e+00
-3.351313267700067211e+00 6.140647277760530542e+00 1.446883063886923448e+00
-3.261206245497664025e+00 6.112334734751494025e+00 1.476525798557389857e+00
-3.170615893826497445e+00 6.084120382676047711e+00 1.506362802653285149e+00
-3.080032412166501032e+00 6.055915409170391506e+00 1.536161382244745521e+00
-2.989201041523616098e+00 6.029031756072431136e+00 1.566186916579331401e+00
-2.898041097659259435e+00 6.003860065074792196e+00 1.596507985876854274e+00
-2.806380558414056203e+00 5.978625674748617058e+00 1.626923787264652255e+00
-2.714783091673236726e+00 5.953671142827298368e+00 1.657348857417644927e+00
-2.622714868217337791e+00 5.931331118469755914e+00 1.688208216583154675e+00
-2.530573292734529911e+00 5.909602253877184630e+00 1.719208442927311342e+00
-2.437972089538923193e+00 5.887790972754183727e+00 1.750224012241411664e+00
-2.345284881652598852e+00 5.867556187934903633e+00 1.781476451749312906e+00
-2.252328533260597787e+00 5.849514134873238902e+00 1.813090138742085689e+00
-2.158964396450704371e+00 5.831765330086756016e+00 1.844795592292775011e+00
-2.065639649623226326e+00 5.814034113792408753e+00 1.876432153533499791e+00
-1.972139534860411603e+00 5.800006654334146639e+00 1.908664963837864104e+00
-1.878611797127584859e+00 5.786870823984454404e+00 1.941094387529546106e+00
-1.784894620466636717e+00 5.773729005759133059e+00 1.973475482963197969e+00
-1.691348003454284044e+00 5.761841930705127623e+00 2.005996250118786683e+00
-1.597671623109641059e+00 5.753920656473096251e+00 2.039170744206103336e+00
-1.504123840051545313e+00 5.746144005155668033e+00 2.072384403340131076e+00
-1.410652664070360718e+00 5.738386491460227390e+00 2.105499880983213945e+00
-1.317415498923929285e+00 5.733982811010295499e+00 2.139113136518413505e+00
-1.224287660908689235e+00 5.731958866414272435e+00 2.173156082965767677e+00
-1.131742300188655959e+00 5.729919296098078263e+00 2.207144352906382334e+00
-1.039285968808751681e+00 5.727893144931459624e+00 2.241035825330948583e+00
-9.473139802634380491e-01 5.731357635731406219e+00 2.275642862055813342e+00
-8.565580873997588052e-01 5.736141636753422368e+00 2.310375905580439149e+00
-7.659098115197311429e-01 5.740905347561680472e+00 2.345189476424080155e+00
-6.756192968302845436e-01 5.746465797646652440e+00 2.380187076899320520e+00
-5.862556668813446725e-01 5.757677515849490391e+00 2.415929114143195111e+00
-4.983252914774766174e-01 5.768645017876187886e+00 2.451623187207788046e+00
-4.104075057345211719e-01 5.779402594612171207e+00 2.487403888809748054e+00
-3.232404938141746897e-01 5.791223627187124023e+00 2.523393385642457520e+00
-2.373885013624698892e-01 5.808404172714920044e+00 2.560107060322639683e+00
-1.528887141618440471e-01 5.825231070535436650e+00 2.596890523154950614e+00
-6.803814395878715615e-02 5.840988914822470512e+00 2.633618253934062903e+00
1.663461906924343717e-02 5.857621701435092199e+00 2.669399437574671907e+00
1.004484616972692590e-01 5.877308531563241623e+00 2.705576699362319815e+00
1.842758087034939152e-01 5.896858186941359214e+00 2.741789098293212934e+00
2.676170594156508376e-01 5.915823775758839886e+00 2.778757125764564684e+00
3.512769918205921327e-01 5.933671763138509192e+00 2.815556708625740701e+00
4.351845114539530379e-01 5.951661790181574929e+00 2.851735034274954117e+00
4.763748754712326949e-01 5.977100461755933125e+00 2.764254169571800812e+00
5.175668687006004243e-01 6.002538795848523456e+00 2.676778406505145202e+00
5.590594662204468879e-01 6.026935334465991723e+00 2.589151054735558066e+00
6.005552173805811522e-01 6.051269223317229162e+00 2.501527849483758725e+00
5.110921066216047581e-01 5.965019151003393638e+00 2.904102078258396169e+00
5.870115726648251764e-01 5.978357057524434026e+00 2.956434265162046771e+00
6.630915920014380793e-01 5.991680646606823757e+00 3.009147669179081053e+00
7.386736348532949581e-01 6.006782796161285631e+00 3.062106857714236074e+00
6.287815252183379666e-01 6.068640934352038663e+00 2.450820492250041394e+00
6.566584812289619766e-01 6.087160016968899967e+00 2.400348638813271318e+00
6.845368182979512106e-01 6.105676012027794641e+00 2.349894291867572260e+00
7.124122165339606960e-01 6.124185949203171830e+00 2.299465774999931877e+00
7.403316765430359991e-01 6.142732185701725633e+00 2.248922373047058443e+00
7.682391338421228344e-01 6.161268838337440101e+00 2.198408746378740730e+00
7.961344637294308635e-01 6.179795790193153060e+00 2.147925290995339243e+00
8.240175428072625818e-01 6.198312929779590696e+00 2.097472377748985650e+00
8.518882536421114038e-01 6.216820151618580148e+00 2.047050356457815301e+00
8.795423937647799395e-01 6.235965434606669078e+00 1.996808534671262958e+00
9.064039132214253280e-01 6.257589402072166074e+00 1.947167521703443205e+00
9.332564180613377447e-01 6.279201126549907919e+00 1.897562462700308261e+00
9.600995348621087500e-01 6.300800291850832124e+00 1.847994108041050243e+00
9.869329267048336796e-01 6.322386604071617455e+00 1.798463168120755240e+00
1.013782979673688800e+00 6.344001303640936840e+00 1.748843489507852844e+00
1.040642631120920925e+00 6.365614955090427962e+00 1.699240029470296953e+00
1.067511551635750067e+00 6.387227234102650364e+00 1.649653625610811858e+00
1.094306527103574345e+00 6.409055380244164546e+00 1.600159032576770723e+00
1.121049854399478463e+00 6.430971514950667434e+00 1.550767480772343276e+00
6.295208029648968751e-01 6.073966176471781608e+00 2.425333278426158312e+00
6.575066862477226826e-01 6.097671188280270549e+00 2.349119549243465777e+00
8.178516001470681474e-01 6.022587294826510451e+00 3.109609515427412596e+00
8.976583800099068311e-01 6.037228251384893163e+00 3.157126553820786441e+00
9.777193926539832214e-01 6.052034686076534165e+00 3.204835793455498738e+00
1.058046955534496902e+00 6.066766588204414390e+00 3.253002885979180636e+00
1.138634154893238160e+00 6.081535408602507964e+00 3.301318588614408522e+00
1.219463413327777523e+00 6.096348827717519292e+00 3.349777535430426223e+00
1.300521032405555610e+00 6.111204179256564117e+00 3.398372746855926607e+00
1.381750385471140374e+00 6.126255867824569101e+00 3.447117217637817532e+00
1.463525123521293159e+00 6.141475187797437840e+00 3.495756078185059845e+00
1.545321074308411591e+00 6.156613908432419180e+00 3.545076642406057132e+00
1.627302567690055213e+00 6.171792973610482846e+00 3.594461565343748166e+00
1.709578657744866836e+00 6.186551449516629830e+00 3.643857303525526614e+00
1.792232086505797461e+00 6.200496620814384130e+00 3.693204506872917570e+00
1.875072069381179984e+00 6.214281434532921367e+00 3.742604612350563631e+00
1.958041426296464937e+00 6.228087605821236217e+00 3.792082983492132797e+00
2.041259773288815360e+00 6.241898802926200140e+00 3.841918254142900668e+00
2.124869581966213339e+00 6.255783232650927950e+00 3.891932226692825125e+00
2.208569391533649284e+00 6.269693257870025072e+00 3.941959254053776895e+00
2.292687192467020019e+00 6.282277404437665247e+00 3.991756410201514615e+00
2.336998675955991978e+00 6.286927246650571455e+00 4.021789634289155480e+00
2.381340456801591454e+00 6.291585398733060330e+00 4.051818155997535698e+00
2.425709360984826812e+00 6.296250871683805705e+00 4.081843050562303787e+00
2.470103421281429235e+00 6.300923382629845193e+00 4.111863360659585354e+00
2.514781350122230474e+00 6.305596613405786144e+00 4.142219053884955926e+00
2.559472381524727780e+00 6.310270542593116261e+00 4.172586955422815436e+00
2.604174865100234104e+00 6.314944874602232971e+00 4.202966548786587708e+00
2.648887297976457056e+00 6.319619360294399968e+00 4.233357265127058788e+00
2.693668831054454760e+00 6.324053224384751815e+00 4.263709667638363676e+00
2.738477572227218104e+00 6.328430480220391452e+00 4.294060254230727125e+00
2.783299325282944991e+00 6.332808872149778168e+00 4.324420317774276157e+00
2.828133046518760629e+00 6.337188258120755258e+00 4.354789348394192849e+00
2.873336288486600054e+00 6.340041317973642343e+00 4.384881050492083432e+00
2.918524881972118123e+00 6.342878308739078541e+00 4.415010045649812476e+00
2.963725504189083537e+00 6.345723291479366424e+00 4.445119555034120040e+00
3.008937470633400668e+00 6.348576084404409237e+00 4.475209649875321993e+00
3.054184814680671156e+00 6.351400075834941816e+00 4.505441243571950416e+00
3.099441115061465801e+00 6.354226303559936895e+00 4.535672446202897667e+00
3.144733718368569519e+00 6.356958147332515630e+00 4.565878192091209264e+00
2.385583959776869545e+00 6.295461489486567253e+00 4.037818386543444049e+00
2.479601279841040284e+00 6.309458362344381399e+00 4.081220182835040511e+00
2.575186421814369631e+00 6.324298483328755438e+00 4.122345981944858906e+00
2.671818319957814047e+00 6.339890111578732501e+00 4.160582650868462906e+00
2.769551661946091148e+00 6.355750512588492107e+00 4.195753162495236666e+00
2.868123187800708962e+00 6.372371184665619914e+00 4.228157213399532210e+00
2.967328954964894017e+00 6.389580109678607123e+00 4.258404193125412185e+00
3.067221920784036993e+00 6.407475924772454867e+00 4.285873798485240194e+00
3.167736646453829241e+00 6.426058740512983647e+00 4.310507725139100188e+00
3.268759610424832207e+00 6.445450038569049411e+00 4.332297082396155297e+00
3.370157570320912122e+00 6.465436844635363833e+00 4.351569346064691146e+00
3.471891218289585357e+00 6.485989323064707435e+00 4.368426653365998114e+00
3.573872696784863301e+00 6.506998223219145672e+00 4.383345169774855776e+00
3.676241776331035993e+00 6.527532849435103479e+00 4.396441996126598362e+00
3.778853804787995152e+00 6.547934953264184621e+00 4.408091211507783491e+00
3.881753482633621299e+00 6.568582961279352261e+00 4.419176183958452242e+00
3.984722986703619796e+00 6.589523264444319572e+00 4.429388460903398439e+00
4.087743337028280521e+00 6.610734404551948273e+00 4.438857692072677885e+00
4.190801311633564730e+00 6.632201561417089053e+00 4.447688650119464349e+00
1.157745133105494650e+00 6.468679295281545727e+00 1.467792300189651344e+00
1.162094928655561743e+00 6.464063281910808811e+00 1.486466686735258946e+00
1.204049254853181816e+00 6.498701614940591398e+00 1.423638605355106002e+00
1.246392542045804186e+00 6.533388611324874695e+00 1.361244983273471876e+00
1.288925185767038739e+00 6.568124490620042444e+00 1.298952600317011763e+00
1.331634369019537134e+00 6.602747267130156139e+00 1.236666017775708504e+00
1.374434193577827701e+00 6.637374475711319555e+00 1.174587015580586868e+00
1.417349227900032149e+00 6.671921924157871331e+00 1.112545941042211606e+00
1.459986285810429774e+00 6.707466680769177181e+00 1.050953309305335592e+00
1.501414856766586370e+00 6.746746003357760202e+00 9.908367674031144379e-01
1.543086271506071583e+00 6.785671105353864085e+00 9.308930393974840234e-01
1.585293779614594722e+00 6.823161613141475179e+00 8.703526417969558171e-01
1.627576424252199505e+00 6.860692275263811979e+00 8.097728006355175978e-01
1.669892636542964937e+00 6.898234358520656251e+00 7.491920903779981655e-01
1.712239186179320694e+00 6.935786593368228559e+00 6.886110327643389928e-01
1.754612792010334932e+00 6.973349205876028911e+00 6.280308848665679955e-01
1.796149043434603021e+00 7.013499603347516320e+00 5.685646658307694779e-01
1.837579745046163282e+00 7.054136261168896027e+00 5.093337257667258644e-01
1.879066826216823527e+00 7.094764504192863974e+00 4.501372999739396419e-01
1.920713632442032859e+00 7.135321952785562694e+00 3.912159351163390086e-01
4.270893181902971847e+00 6.650754031487122298e+00 4.448638519508688383e+00
4.351182142186043933e+00 6.669329547094513977e+00 4.449858626629890956e+00
4.431452705531933489e+00 6.687959661824002922e+00 4.451080137060272612e+00
4.511714929159317045e+00 6.706592385644498222e+00 4.452287233905766861e+00
4.592211685092289386e+00 6.724117247868403702e+00 4.453125932590482172e+00
4.672761761517560508e+00 6.741457744754954184e+00 4.453902516583098325e+00
4.753312140882853143e+00 6.758811176741568616e+00 4.454638803789719326e+00
4.833861396662474164e+00 6.776155921531752391e+00 4.455401525136043261e+00
4.914423118905732579e+00 6.793438980998409704e+00 4.456180166489988714e+00
4.994983977417325249e+00 6.810695927814726325e+00 4.456979204376178672e+00
5.075546644206541558e+00 6.827911301897951368e+00 4.457794483491811732e+00
5.155853183762574510e+00 6.846198206622605476e+00 4.459010359065989526e+00
5.235886258944421279e+00 6.865646229125939470e+00 4.460662817013488990e+00
5.316281697431194608e+00 6.885055628334749045e+00 4.462655403022442790e+00
5.396615130577454345e+00 6.904466917325587261e+00 4.464602180720712354e+00
5.476858378610340417e+00 6.923810928243233853e+00 4.466473684149214307e+00
5.557405608323340296e+00 6.941756360680759741e+00 4.467771525429272472e+00
5.637950285333414691e+00 6.959707029434304637e+00 4.469054164231307524e+00
5.718528674267852274e+00 6.977608633467895949e+00 4.470485107630238986e+00
4.306227897516170522e+00 6.653834674536769356e+00 4.465204848538034454e+00
4.421521375580931057e+00 6.675203107280302639e+00 4.483784713883090411e+00
4.536445352008272813e+00 6.695200242905760213e+00 4.505544685960603424e+00
4.651338651899395771e+00 6.712619885924496543e+00 4.529555228199715344e+00
4.765697645435192698e+00 6.728622432449209434e+00 4.557212249531463755e+00
4.879436789077710834e+00 6.743468639519256236e+00 4.587943127233888418e+00
4.992501175542782832e+00 6.757238224869801080e+00 4.621554879864650189e+00
5.105118403831179208e+00 6.768099476195001074e+00 4.657632099531577197e+00
5.217033414204037989e+00 6.777075322745746533e+00 4.696279664763912898e+00
5.327994920197326678e+00 6.784621186588335462e+00 4.738169435749323810e+00
5.437906731978197072e+00 6.790911225610297919e+00 4.782942351297005956e+00
5.547211312310870390e+00 6.793501761542564132e+00 4.829405298456256546e+00
5.655649306417948274e+00 6.794483103909415789e+00 4.879024357294418301e+00
5.762811328346376882e+00 6.794187665490875716e+00 4.931162255867100441e+00
5.868787345481744744e+00 6.792046955705300704e+00 4.985394716229645695e+00
5.974608521270862838e+00 6.783313961080413179e+00 5.039090996636687692e+00
6.079396746667093510e+00 6.773608681193977077e+00 5.094397064168481037e+00
6.183409367165363157e+00 6.762944006813213171e+00 5.151340183922216376e+00
6.286613769111299099e+00 6.751536852867774385e+00 5.209478683401099097e+00
1.942706301297209004e+00 7.159470288740267030e+00 3.540557036086450227e-01
1.964710825612707046e+00 7.183632035912934199e+00 3.168745688095265245e-01
1.986729293596566581e+00 7.207806649265871002e+00 2.796752844858224063e-01
2.008754946954521170e+00 7.232007820162678513e+00 2.424687906853811581e-01
2.030787249228465985e+00 7.256240959826205206e+00 2.052555427832029322e-01
2.052794789588245461e+00 7.280518496891953184e+00 1.679258751206478828e-01
2.075073486452370553e+00 7.304024352255446217e+00 1.302409174911462186e-01
2.097368842306975623e+00 7.327511020869470926e+00 9.253803315574124499e-02
2.119715484067139943e+00 7.351009251980399561e+00 5.484795641518512566e-02
2.142074275598306876e+00 7.374511574498491484e+00 1.715774421638892322e-02
2.164118520002553225e+00 7.399040916381189881e+00 -2.005946244819355184e-02
2.186070506725535267e+00 7.423925552193175292e+00 -5.710174453364434688e-02
2.208044505905312427e+00 7.448809375236621122e+00 -9.412844637849590579e-02
2.230040162493784006e+00 7.473691868430686114e+00 -1.311387343608340361e-01
2.252081712816818904e+00 7.498662852538041435e+00 -1.683010845398128230e-01
2.274131092818432176e+00 7.523598473903319039e+00 -2.054595789586052823e-01
2.296187682840804101e+00 7.548516520093376592e+00 -2.426056688063422395e-01
2.318587201312470203e+00 7.572306478670382646e+00 -2.802418656317869350e-01
2.341276537252983125e+00 7.595132689339127552e+00 -3.182868292016884926e-01
1.972020309862993370e+00 7.180248005351222318e+00 3.297815226999108451e-01
2.025093355097535852e+00 7.225094404980803908e+00 2.698434826257557484e-01
2.079961080765846404e+00 7.269962776255960435e+00 2.113672756376006323e-01
2.136835578200461772e+00 7.314236049523351824e+00 1.543672547885694135e-01
2.195784648675208839e+00 7.357547054432954425e+00 9.871954223810047724e-02
2.256695891951036259e+00 7.400685249992561054e+00 4.500383844395874910e-02
2.319443775524547391e+00 7.443642921163442949e+00 -6.732122049601429840e-03
2.384045126608536513e+00 7.486143877990555140e+00 -5.654986993701218573e-02
2.450280227434223246e+00 7.528375603106843172e+00 -1.044537737138087619e-01
2.517923766468026514e+00 7.571531102560261850e+00 -1.504366848566674741e-01
2.587157019665841773e+00 7.614195320773320397e+00 -1.942721644948350035e-01
2.658131951889291855e+00 7.655361604763555761e+00 -2.366017641822321937e-01
2.730794173348019438e+00 7.694304799464117828e+00 -2.781681856575616840e-01
2.804607289564681416e+00 7.731937089108876116e+00 -3.189023698042710575e-01
2.879086026846132018e+00 7.769322653231210296e+00 -3.586045006923876954e-01
2.954292023458687577e+00 7.806629232133762031e+00 -3.975185938004916486e-01
3.029977140897853083e+00 7.843778804302343310e+00 -4.356675138682141180e-01
3.106150445882713829e+00 7.880976388384278941e+00 -4.736021834196376679e-01
3.182674828039750992e+00 7.917897492349920796e+00 -5.109177629709305002e-01
2.360940938573853121e+00 7.617778357126359978e+00 -3.580468323396523989e-01
2.380529438801791020e+00 7.640537353762455020e+00 -3.981028497401156718e-01
2.400141116230365856e+00 7.663289100230294970e+00 -4.381059913551860752e-01
2.419777906224199082e+00 7.686027154968525288e+00 -4.780590362619037137e-01
2.439440061814409866e+00 7.708751472155126905e+00 -5.179616976730558875e-01
2.459358812158566110e+00 7.731577125752465030e+00 -5.579232231211662674e-01
2.478802895071451129e+00 7.755425602567534327e+00 -5.978147083492921787e-01
2.497951729157450895e+00 7.780361046927206203e+00 -6.369802971759633836e-01
2.517263422026136066e+00 7.804693276730869655e+00 -6.762539919355036178e-01
2.537259987830767560e+00 7.826417429808643966e+00 -7.166011959650504526e-01
2.556171885038420299e+00 7.847938411645010603e+00 -7.575783397143788234e-01
2.574030287549704088e+00 7.869393907225943785e+00 -7.990576953450412301e-01
2.590764748260309336e+00 7.890770607563851513e+00 -8.410417641426839452e-01
2.606557213686658159e+00 7.912109635040915911e+00 -8.835183408145460549e-01
2.621221426883602046e+00 7.933041045764666066e+00 -9.265312213347967063e-01
2.634854962906991283e+00 7.953708129565504770e+00 -9.699851814641170522e-01
2.647489849670430662e+00 7.974278228083529818e+00 -1.013767464302545163e+00
2.659061988726022729e+00 7.994736309068577462e+00 -1.057877317069742418e+00
2.670686093145302475e+00 8.010193641490479521e+00 -1.103796663913722220e+00
6.412122321516062762e+00 6.727603255121719528e+00 5.290270661920586370e+00
6.538065402567237783e+00 6.699807540765727154e+00 5.368587411730248782e+00
6.664019632799353055e+00 6.672147837163819872e+00 5.446954963632514968e+00
6.789782467816945832e+00 6.644642436588664047e+00 5.525358058274556505e+00
6.916273760046886210e+00 6.610011939935546366e+00 5.599105905633520841e+00
7.042413661593150742e+00 6.573398752388169619e+00 5.670407822574082601e+00
7.168415274235155898e+00 6.536713576865605724e+00 5.741588788996322634e+00
7.294741032606141040e+00 6.496192808595797175e+00 5.810134990163295043e+00
7.421141947156834284e+00 6.449983722552102172e+00 5.872898888061081735e+00
7.547763762047418723e+00 6.402111312624758632e+00 5.934123836986251455e+00
7.674517065474263156e+00 6.354380846172999142e+00 5.995190709047893307e+00
7.800338210013341822e+00 6.307498084403434291e+00 6.055234054128775689e+00
7.925956811893515308e+00 6.261545186401877849e+00 6.116154631833881083e+00
8.051332796621421650e+00 6.206306291413168807e+00 6.168651824436767406e+00
8.174965432984324210e+00 6.150623607144604321e+00 6.217766529422480204e+00
8.298823448844867556e+00 6.094918806145699364e+00 6.266884911229974264e+00
8.422807343544523206e+00 6.038337217042212046e+00 6.315103460526104051e+00
8.546476144735045466e+00 5.975606280006071636e+00 6.356955693870062873e+00
8.668561142422630539e+00 5.914697602459050962e+00 6.397370112993342239e+00
6.380320786495245144e+00 6.743957064265577728e+00 5.255840140389000048e+00
6.475372966281089049e+00 6.731524477421953812e+00 5.297929365868388807e+00
6.570688675961472214e+00 6.720003417259099443e+00 5.339309968693140007e+00
6.667089290085749020e+00 6.710232871133888111e+00 5.378603309502228313e+00
6.764554312008605130e+00 6.701970994977354934e+00 5.415536916629948294e+00
6.862736809158234585e+00 6.694763540405724633e+00 5.450798781263077153e+00
6.961848362022212022e+00 6.688983244003305906e+00 5.483678334864356074e+00
7.061856590602582529e+00 6.682559164912840188e+00 5.512162145234655419e+00
7.162739218175311784e+00 6.675056524868983487e+00 5.537081415715227273e+00
7.264294650871743642e+00 6.667189848215193670e+00 5.558317825819097280e+00
7.366381001119128413e+00 6.659984496797293652e+00 5.576277966057647362e+00
7.468914957618242312e+00 6.654645010158188434e+00 5.591549835452672035e+00
7.571865164528858827e+00 6.650883455002260192e+00 5.604551031446193932e+00
7.675088551345414345e+00 6.649798587802775884e+00 5.615902570301468444e+00
7.778451965381843358e+00 6.651241023411007092e+00 5.625949644265475946e+00
7.882176624964699840e+00 6.654758503237683698e+00 5.633411791168469129e+00
7.985710502502424646e+00 6.660136304135041208e+00 5.638497381624508975e+00
8.088919861396343336e+00 6.666642998679059851e+00 5.640983785370639936e+00
8.192157679987220220e+00 6.671807888919204288e+00 5.638817824215190733e+00
5.779958595526061060e+00 6.992839694046073973e+00 4.467440151509986634e+00
5.841389519213001869e+00 7.008073218170511431e+00 4.464389360659699157e+00
5.902826890756806222e+00 7.023277485152783051e+00 4.461320295955574444e+00
5.964266215002599125e+00 7.038455613647446540e+00 4.458231985171460465e+00
6.025730296339768088e+00 7.053532602575383059e+00 4.455097099616979861e+00
6.087196221694735954e+00 7.068611547934973593e+00 4.451958185916810251e+00
6.148629875697913860e+00 7.083720981894762403e+00 4.448720467543041401e+00
6.210104894299355749e+00 7.098783214427360377e+00 4.445630638027168402e+00
6.271579366172255199e+00 7.113851147879188375e+00 4.442525574391826382e+00
6.333053159671018228e+00 7.128924689694556172e+00 4.439405440975180639e+00
6.394566690196077374e+00 7.143842508890593024e+00 4.436226415421977265e+00
6.456227143143856040e+00 7.158049837881810262e+00 4.432714812455380127e+00
6.517795430346446039e+00 7.172700773609163249e+00 4.429370576518924629e+00
6.579344277607697578e+00 7.187446045663205219e+00 4.426060588142131103e+00
6.640893346909504835e+00 7.202194826203693445e+00 4.422743899408346557e+00
6.702472453639571448e+00 7.216891444083289642e+00 4.419540496138670171e+00
6.763823402959514119e+00 7.232194154918397011e+00 4.415070342459478603e+00
6.824904304651878917e+00 7.248118061937262269e+00 4.409287029775960320e+00
6.885610922614282536e+00 7.264755450523798785e+00 4.401969188620026507e+00
5.767412690822860455e+00 6.987209383405716956e+00 4.474642742547986884e+00
5.816279148177141423e+00 6.996543432742168278e+00 4.479486433654252586e+00
5.865114880286427024e+00 7.005572826642122664e+00 4.485107436424081939e+00
5.913911117249432081e+00 7.014272024118685778e+00 4.491514648414994149e+00
5.962617855326427296e+00 7.022442532966699069e+00 4.499142013033982757e+00
6.011196089276449328e+00 7.029987731917856308e+00 4.508096862117920267e+00
6.059672481532416555e+00 7.036560873106566305e+00 4.518201482197973462e+00
6.108186653094213270e+00 7.041596895090028063e+00 4.528921891698829860e+00
6.156462102515718016e+00 7.046051176085558865e+00 4.540787512132167691e+00
6.204445671219967373e+00 7.049883954585377310e+00 4.553860250640297203e+00
6.252169320543367270e+00 7.053003633382018300e+00 4.568382371173686174e+00
6.299574554921576031e+00 7.055562660999783908e+00 4.583989300412655510e+00
6.346614079266004183e+00 7.057522992010324181e+00 4.600722495138287016e+00
6.393238728697979489e+00 7.058860315084054093e+00 4.618612403886817930e+00
6.439455734366767103e+00 7.059354111536559451e+00 4.637492004533683598e+00
6.485351046999045188e+00 7.059154883603292241e+00 4.657433272111489053e+00
6.530755933718256578e+00 7.058370981568405256e+00 4.678421928243143846e+00
6.575640263051398371e+00 7.057003949993244873e+00 4.700441844146306281e+00
6.620037699754554694e+00 7.055070700550060359e+00 4.723471006132371919e+00
3.258158618919543947e+00 7.951180212319425067e+00 -5.404474815285587042e-01
3.334242616911134771e+00 7.982209466234428952e+00 -5.706941761817142522e-01
3.410742822547633502e+00 8.011796678200081345e+00 -6.015803676988837889e-01
3.487245226638743034e+00 8.041383436123336281e+00 -6.324632399772108782e-01
3.563778464782223931e+00 8.070717070400117876e+00 -6.634116938968082078e-01
3.640850612949178888e+00 8.097617763403979652e+00 -6.950834153531364468e-01
3.718084267658696707e+00 8.124752080263439424e+00 -7.274123888053113385e-01
3.795288800332798917e+00 8.151815946333362817e+00 -7.595284270397136828e-01
3.872463801829800989e+00 8.178809854023915804e+00 -7.914334794501268755e-01
3.949609250965832263e+00 8.205734140168988944e+00 -8.231286848357427521e-01
4.027572185554642026e+00 8.228584481339535017e+00 -8.555178323874469415e-01
4.105999062472549532e+00 8.249108709169892251e+00 -8.881959460221299230e-01
4.184537626027524659e+00 8.269644882878559145e+00 -9.208081568671471206e-01
4.262872173446024426e+00 8.290119394691377153e+00 -9.532815485916460441e-01
4.341301869622449239e+00 8.308425692500687632e+00 -9.858901637195733869e-01
4.420068733126146121e+00 8.324235298892881829e+00 -1.018670659762753727e+00
4.498819843695896381e+00 8.340010353400284515e+00 -1.051206342355449852e+00
4.577553512114554302e+00 8.355750500167131278e+00 -1.083496380930183411e+00
4.657132123528278100e+00 8.364738432448408645e+00 -1.115910156465691250e+00
3.245296485626098626e+00 7.950264585465539824e+00 -5.468515187602680516e-01
3.307716623465496220e+00 7.979795678975132311e+00 -5.852885373879649356e-01
3.369250982209359702e+00 8.008417472315095154e+00 -6.256874152242462017e-01
3.429544423370763262e+00 8.037308599639963802e+00 -6.680019270007871990e-01
3.488914883298762426e+00 8.066446792376416042e+00 -7.118920109481804426e-01
3.546988673060423203e+00 8.095121803868424948e+00 -7.574021323068761413e-01
3.604130007420160542e+00 8.122267793718513929e+00 -8.048912109403880688e-01
3.659836709984737091e+00 8.149561488039402946e+00 -8.539523548647749429e-01
3.714546633708459389e+00 8.174323129120237397e+00 -9.050265647570816530e-01
3.768862891589768616e+00 8.193313175164410822e+00 -9.587281786712839038e-01
3.821520312303592348e+00 8.212178360413366462e+00 -1.013750618656416469e+00
8.299577710255512386e+00 6.674056210451404958e+00 5.640459234124650223e+00
8.407124030138422910e+00 6.676165546344841495e+00 5.642279060036523575e+00
8.273011373796327561e+00 6.680633172815754861e+00 5.631164735315809189e+00
8.353615767201858944e+00 6.690142640792243078e+00 5.622648761137634565e+00
8.433950445725820089e+00 6.700312362660807430e+00 5.613298877128162445e+00
4.741397407348465265e+00 8.373576351683015062e+00 -1.143294206697094362e+00
4.825687506803845395e+00 8.382422189550219116e+00 -1.170427147282977476e+00
4.909208547405992107e+00 8.391199531538363843e+00 -1.196717085231524980e+00
4.992804927968745865e+00 8.398056480743006702e+00 -1.222900022008611698e+00
5.076783211159379583e+00 8.400695699465471122e+00 -1.248935654510088478e+00
5.160887479790689625e+00 8.403338834697107629e+00 -1.275011128733077870e+00
5.243619911805171618e+00 8.404441113719650858e+00 -1.298458225631299978e+00
5.326280677582430734e+00 8.402054512640454220e+00 -1.321499267490965801e+00
5.408969054261884679e+00 8.399645311942462556e+00 -1.344675634860495128e+00
5.491674640000411500e+00 8.397214503127388596e+00 -1.367980382226887670e+00
5.574387299433668730e+00 8.394762883524583330e+00 -1.391407729982130359e+00
5.657528022313534244e+00 8.385886311445140961e+00 -1.414044648884224431e+00
5.741420397222416483e+00 8.377113196303650255e+00 -1.435657404038735541e+00
5.825016802670117677e+00 8.368391661459304132e+00 -1.457096581741040620e+00
5.907276662752013685e+00 8.358987014098843815e+00 -1.480396523479116988e+00
5.989753959754704482e+00 8.349477159987197084e+00 -1.503760772433596404e+00
6.072441505666298589e+00 8.339939567630512585e+00 -1.527200379529436658e+00
6.155794555747288399e+00 8.329890039489482589e+00 -1.550881920277174641e+00
6.239312455731097273e+00 8.317829022023049745e+00 -1.569702660491236079e+00
4.802935798548399582e+00 8.379541865426871183e+00 -1.187121849773221660e+00
4.944701899732304895e+00 8.393713433317010697e+00 -1.259660110542484723e+00
5.084941639970547378e+00 8.395210366674140445e+00 -1.335082767073247911e+00
5.219744505065596840e+00 8.385359354099511719e+00 -1.407541107078723153e+00
5.352158602802910892e+00 8.374743104302265095e+00 -1.484216954689668411e+00
5.481906255846533682e+00 8.362645450763473320e+00 -1.565008932192825775e+00
5.608873239667151012e+00 8.340517732957311026e+00 -1.648249739700152539e+00
5.730935121436814050e+00 8.318501718396468902e+00 -1.735336152436246282e+00
5.850485448943408606e+00 8.298621608641356673e+00 -1.826359085728447518e+00
5.967649110553046476e+00 8.286298232490285187e+00 -1.921149164361327433e+00
6.084183751519868899e+00 8.270057264107489203e+00 -2.031241361295279546e+00
6.199824127629364412e+00 8.273342895712428202e+00 -2.147829719794137393e+00
6.313073837969570334e+00 8.290073902673240624e+00 -2.264912429371806368e+00
8.744353730828940741e+00 5.882089493326142282e+00 6.417853012384436617e+00
8.819918806897742769e+00 5.847142498449271031e+00 6.435776270955960499e+00
8.895721099850927516e+00 5.812015120849783223e+00 6.453694770578388251e+00
9.031125568385878211e+00 5.890642148160980085e+00 6.704456158728986814e+00
9.099781810087240075e+00 5.854855592422707922e+00 6.702412474202793291e+00
9.168862084494509901e+00 5.818751399827549520e+00 6.700400688851516406e+00
9.238043651255907207e+00 5.781909907109083591e+00 6.698701321624600524e+00
9.307677842201226071e+00 5.744766667724157116e+00 6.697018812287116596e+00
9.377761844274157710e+00 5.707329937836114198e+00 6.695350115653628364e+00
9.448221891482821988e+00 5.669501025486503032e+00 6.693465347208487515e+00
9.518954140559369392e+00 5.631122810286472991e+00 6.691082193715686799e+00
9.590090563971838122e+00 5.592452202969263375e+00 6.688720843892220991e+00
9.639956863783980978e+00 5.466094361306054417e+00 6.579087324829831829e+00
9.716001767859257399e+00 5.426189312565175449e+00 6.587706578300118743e+00
9.792066471535523675e+00 5.385955179724741804e+00 6.595716657321046839e+00
9.892927636445143946e+00 5.397096690965930144e+00 6.693559984788146622e+00
9.965444268390195148e+00 5.355359199145818927e+00 6.692275446191334076e+00
1.003825536153446940e+01 5.313482615781818907e+00 6.690970965545307791e+00
1.011154439051890286e+01 5.271801976873879525e+00 6.690316635244473176e+00
8.733789732000749595e+00 5.877244719371175208e+00 6.423309047927863169e+00
8.797416869449637744e+00 5.836994327937704341e+00 6.448410019705907992e+00
8.859509481001055065e+00 5.795185640050224407e+00 6.474460680491745279e+00
8.919618157990706564e+00 5.750601645691959973e+00 6.499494853703980723e+00
9.033505987108876312e+00 5.811439019354920354e+00 6.740312022495453803e+00
9.084018312363530967e+00 5.765069910307385470e+00 6.748043257440028420e+00
9.133476396303739975e+00 5.717120837942690770e+00 6.756787183302967570e+00
9.181369188362507927e+00 5.667239432322650039e+00 6.767145727709509728e+00
9.228031316372733883e+00 5.616239151498088056e+00 6.779360425454717287e+00
9.273138836392165629e+00 5.563832707332670324e+00 6.792697568962639210e+00
9.316597344915836132e+00 5.510081807477030580e+00 6.807152181747261999e+00
9.358376787520295892e+00 5.453420181869637950e+00 6.823475894944039055e+00
9.398747187784090684e+00 5.395536269759578119e+00 6.840774139530257258e+00
9.437436959139422044e+00 5.336078962033953488e+00 6.858242102403565355e+00
9.474477426500749644e+00 5.275496826721328247e+00 6.876613083309746521e+00
9.510361277498514454e+00 5.214264699965776018e+00 6.896627248624175976e+00
9.532092343355328623e+00 5.104781166157649430e+00 6.861514620646492091e+00
9.568709229842214725e+00 5.042202342823662420e+00 6.893651303949059006e+00
9.603676875886685949e+00 4.979226489737820671e+00 6.927343348643377752e+00
2.681745767932623092e+00 8.040110938349409153e+00 -1.181511097458620485e+00
2.692612791189304744e+00 8.070608202876943693e+00 -1.258979230340448341e+00
2.703612787988475485e+00 8.101135969116512570e+00 -1.336468625153941714e+00
2.714599785530694476e+00 8.131658179257824415e+00 -1.413948979948629781e+00
2.726410979170371451e+00 8.156821255377840529e+00 -1.492966346544950973e+00
2.738997080865744227e+00 8.176259699859590668e+00 -1.572701301076274261e+00
2.749896785284232426e+00 8.202182173827143430e+00 -1.651488356015042180e+00
2.760495225148734910e+00 8.229260250012938371e+00 -1.729817383361786698e+00
2.771594902407501948e+00 8.256428208315631068e+00 -1.808258445448003293e+00
2.783422383905201691e+00 8.276199260415758374e+00 -1.889003405822959225e+00
2.795557174170577586e+00 8.291719064360528080e+00 -1.969184201712954829e+00
2.807649719830872304e+00 8.307248800584407178e+00 -2.049437612991706459e+00
2.818903967651094078e+00 8.329608205620917971e+00 -2.129250557821867229e+00
2.830044841615012796e+00 8.352657248273295920e+00 -2.207933239788830271e+00
2.841492074196708462e+00 8.366829370092238705e+00 -2.288418668953974944e+00
2.852283749394410872e+00 8.379987154620106793e+00 -2.369074617854765474e+00
2.863111894398738588e+00 8.393159684259439146e+00 -2.449818908004445017e+00
2.873974000335196344e+00 8.406346149271906043e+00 -2.530646730536411759e+00
2.884874886051723486e+00 8.425479562830041402e+00 -2.610590464290523105e+00
2.695751634798401852e+00 8.044808467000976293e+00 -1.187765907866131565e+00
2.722429283980036363e+00 8.080083999429147568e+00 -1.270876271144792735e+00
2.751155354306106027e+00 8.115458641809766505e+00 -1.353311550059707935e+00
2.781815424529632708e+00 8.150887560363116791e+00 -1.435003184064423731e+00
2.816229235693858968e+00 8.175511426649014979e+00 -1.518778341757438755e+00
2.852895619522907378e+00 8.198903726935933278e+00 -1.600650022632326364e+00
2.890956930144363835e+00 8.227217538918015549e+00 -1.682234381595518080e+00
2.931203850552250412e+00 8.257487399043297316e+00 -1.760779871705514754e+00
2.974396977390316721e+00 8.281855277643145996e+00 -1.838763510255079892e+00
3.020542832341506223e+00 8.299601066563035090e+00 -1.916699053327124203e+00
3.067895997440782896e+00 8.317112813738500421e+00 -1.992833261159038472e+00
3.117331138863820961e+00 8.334528221018276284e+00 -2.067550851480637775e+00
3.169016782265968946e+00 8.349093370281194026e+00 -2.141320509032384134e+00
3.222768725132683088e+00 8.355827094100705565e+00 -2.214874683702743763e+00
3.278356464053470809e+00 8.365931398351989401e+00 -2.286347574686673489e+00
3.335809652681442472e+00 8.375772290772539819e+00 -2.356318716421772486e+00
3.394513274219816523e+00 8.385071979550762222e+00 -2.422922744581416321e+00
3.455048583661254114e+00 8.393044015870106733e+00 -2.488169985614316015e+00
3.517240556522407857e+00 8.397894323364655023e+00 -2.552311937058906466e+00
6.956440512158360789e+00 7.282481404984102902e+00 4.396481975584929813e+00
7.027274976646040727e+00 7.300164383439647686e+00 4.390948034769900588e+00
7.098102090153816768e+00 7.317858338658417949e+00 4.385389888088662147e+00
6.945559641505058224e+00 7.283952013073103693e+00 4.389233933505295226e+00
7.005114399770683065e+00 7.303589479421298769e+00 4.375354635004138792e+00
7.064160710795713172e+00 7.323798562004932400e+00 4.360163963130567311e+00
7.122682996854239335e+00 7.344550802703508907e+00 4.343710655900400397e+00
7.180745763756604561e+00 7.365747771693309076e+00 4.326211198792795365e+00
7.238641501259294841e+00 7.387094469130329522e+00 4.308354543639093315e+00
7.296389566948084493e+00 7.408585932888462011e+00 4.290192056015341926e+00
7.354031832855426387e+00 7.430174958769475424e+00 4.271808778390409067e+00
7.411593326665571801e+00 7.451834831106604717e+00 4.253255216873701450e+00
7.469345489199120891e+00 7.471926496239388094e+00 4.233714009048601845e+00
7.526639935148891070e+00 7.494371446122188196e+00 4.215135335832419727e+00
7.584077951154341690e+00 7.515905213734098922e+00 4.196131534247026451e+00
7.641601986224685561e+00 7.536838502275538865e+00 4.176738692255612229e+00
7.699113810881206277e+00 7.557759202765020667e+00 4.157366782341637368e+00
7.756594733472104153e+00 7.578684592437503476e+00 4.137972391251443227e+00
7.814048292938024609e+00 7.599611726527901290e+00 4.118563064678439467e+00
7.871511410422609600e+00 7.620685105947264226e+00 4.098855754520034367e+00
7.928936016205476278e+00 7.641761405938629181e+00 4.079126462774850026e+00
7.986324137853086924e+00 7.662838965808273173e+00 4.059379457986929118e+00
6.700137688644643319e+00 7.053491859955856924e+00 4.760918544310619893e+00
6.780682452915679725e+00 7.049482048895375108e+00 4.797053779282364872e+00
6.861481352367359676e+00 7.044038290486464682e+00 4.832334450689412364e+00
6.942212036042531231e+00 7.038833968587113965e+00 4.867614163575610498e+00
7.023004104259619851e+00 7.033290485444696039e+00 4.903008303265592893e+00
7.104077228906749752e+00 7.027705120589900822e+00 4.938443966783333750e+00
7.185002871552555348e+00 7.022154978951939519e+00 4.973770621287629368e+00
7.265781030707320731e+00 7.016639984789696527e+00 5.008988400933974461e+00
7.347719304506602711e+00 7.010395624480015186e+00 5.040833665265386898e+00
7.430893801441048829e+00 7.002868701916028726e+00 5.068801133079190890e+00
7.514922330502781911e+00 6.996145352796921735e+00 5.094020871915200921e+00
7.599617705616759089e+00 6.991000359499142114e+00 5.117157101357282301e+00
7.684905144554773138e+00 6.987435529317055583e+00 5.138193221607387784e+00
7.770538064870030404e+00 6.985439074624814282e+00 5.157259525403126155e+00
7.856600648388032404e+00 6.985036373131172205e+00 5.174289395555249804e+00
6.689288430638755223e+00 7.048451831571555637e+00 4.767131943090831214e+00
6.758090777296727580e+00 7.037935468398172745e+00 4.810586551945538858e+00
6.825887541643618661e+00 7.025061289075397397e+00 4.854992926989563529e+00
6.892367488020105348e+00 7.011211966593622336e+00 4.901048206761334569e+00
6.957512266064197703e+00 6.996059353872253084e+00 4.948578131631546917e+00
7.021376334247001694e+00 6.980047439701338341e+00 4.997529123842967991e+00
7.083689767684428595e+00 6.964382087702651880e+00 5.048880058589199749e+00
7.144726888048507973e+00 6.946327557137672137e+00 5.100199783241560425e+00
7.204861132156976211e+00 6.923387466629318254e+00 5.150496845368834897e+00
7.263406178620754439e+00 6.899243215195316914e+00 5.201965733228496980e+00
7.320505619173068190e+00 6.872271178631171651e+00 5.253569299184026598e+00
1.020083096434444592e+01 5.214055885013088698e+00 6.693871721016449783e+00
1.027787414290537704e+01 5.121910628723050252e+00 6.651208231746735144e+00
1.036949327578312108e+01 5.063340760488508785e+00 6.660180039401340402e+00
1.046125600746021789e+01 5.004674437623962469e+00 6.669168926774627693e+00
1.055314751419857977e+01 4.945912343555378676e+00 6.678179142170337812e+00
1.066734100517914108e+01 4.930422904923852379e+00 6.749525819869345966e+00
1.073689297012592014e+01 4.832206012388235550e+00 6.693736602920167478e+00
1.082817254604026402e+01 4.773689857166393047e+00 6.702353196496026122e+00
1.094633774513095936e+01 4.761961652267245881e+00 6.797273961359879380e+00
1.103831979855875112e+01 4.704622494848773151e+00 6.804984279679649362e+00
1.112852946896530959e+01 4.643772412941067351e+00 6.806735385991836473e+00
1.121675619744651797e+01 4.581769588657044423e+00 6.803259255718127285e+00
1.130342065361415749e+01 4.520170729458142134e+00 6.798976860637504060e+00
1.139037887263188509e+01 4.458324310151458469e+00 6.794697267823680775e+00
1.147761057289829978e+01 4.396233976081203920e+00 6.790400883565522072e+00
1.156503058893214408e+01 4.333827135311513423e+00 6.785891751686958351e+00
1.165946327783037972e+01 4.239605638226575657e+00 6.792930665945166702e+00
1.175031902652299465e+01 4.163315732645570755e+00 6.793322304666022049e+00
1.183636669027885269e+01 4.100889101932757796e+00 6.786548921328011019e+00
1.019369541869642326e+01 5.231700858913287178e+00 6.686866146502276287e+00
1.026268952105390042e+01 5.157059597516123972e+00 6.632309751850915092e+00
1.034736415707461177e+01 5.119524002330710921e+00 6.630763561967358832e+00
1.043246173713565383e+01 5.083382365079017084e+00 6.627260578192782248e+00
1.051836933733333268e+01 5.048969566914736085e+00 6.622477186209552613e+00
1.060504645585482209e+01 5.016647135162923377e+00 6.616279419435670661e+00
1.071586890699189887e+01 5.036984311310227724e+00 6.681072828479638126e+00
1.080635609890024895e+01 5.013415378099328912e+00 6.675239291352095705e+00
1.089771593976736774e+01 4.991641103229904175e+00 6.670821722144752108e+00
1.098899322052354499e+01 4.971576337112364463e+00 6.665774178752839063e+00
1.107664976197154338e+01 4.948453716024028282e+00 6.650351667901625241e+00
1.113382447814944065e+01 4.871707262868944177e+00 6.542216533588892879e+00
1.122133749469634090e+01 4.852587397235566868e+00 6.522574606782995943e+00
1.130905034744328752e+01 4.835731349757721453e+00 6.501522870529334419e+00
1.139695213656768935e+01 4.820892241638781606e+00 6.479211217678688683e+00
1.151793045325955234e+01 4.853710056974516185e+00 6.543589185501485161e+00
1.160466252513599095e+01 4.844936095607837778e+00 6.517440015910717754e+00
1.165998803124417194e+01 4.788368502717158748e+00 6.405418401242982007e+00
1.174712582580166931e+01 4.782884244710700727e+00 6.377843228966574962e+00
2.912169135251923890e+00 8.446317102116911002e+00 -2.743478692277827591e+00
2.938736663583327857e+00 8.467282530451502254e+00 -2.876971472477410252e+00
2.965362419122058668e+00 8.488108831598525583e+00 -3.010546101224392146e+00
2.992176729488055464e+00 8.512042834295622029e+00 -3.143635216363686702e+00
3.018867118581139319e+00 8.536163655921441773e+00 -3.277156241925347935e+00
3.045591022634699385e+00 8.560292279329704712e+00 -3.410727126428495293e+00
3.072447164840954148e+00 8.587023977322115087e+00 -3.543811906349597418e+00
3.099272038761375914e+00 8.613236019648448760e+00 -3.677056025735369271e+00
3.126200913618234711e+00 8.639445962276026236e+00 -3.810309858670691163e+00
3.153138382596836653e+00 8.666171417789165332e+00 -3.943482281960634328e+00
3.179989325479240847e+00 8.691652549374556003e+00 -4.077015192296593149e+00
3.206942788252530541e+00 8.716533183969795928e+00 -4.210436244298338515e+00
3.233875364327623014e+00 8.741464515036646787e+00 -4.343881441602766458e+00
3.260792142919865189e+00 8.766609691025550433e+00 -4.477319859759030685e+00
3.287581330649671063e+00 8.789721196407342063e+00 -4.611294709736971420e+00
3.314503037316263612e+00 8.812420752740935725e+00 -4.744889063574158072e+00
3.341379692483889219e+00 8.834505966549597744e+00 -4.878656938237765139e+00
3.368220319833956200e+00 8.856228766245648032e+00 -5.012531363179263622e+00
3.395863742877636149e+00 8.875500176089992976e+00 -5.146646721717018202e+00
2.887863095739911845e+00 8.433354407034750366e+00 -2.659081968557100772e+00
2.890851526329405896e+00 8.441236580304032344e+00 -2.707617999330555136e+00
2.893152267539313538e+00 8.449143770537496323e+00 -2.756143543370969784e+00
2.893917843591096162e+00 8.457155956341042113e+00 -2.804943923561853847e+00
2.894269456259865869e+00 8.465187837174255492e+00 -2.853766121875831896e+00
2.893299045369650990e+00 8.473262944748498171e+00 -2.902538631079502274e+00
2.891083511073004875e+00 8.481379155422503757e+00 -2.951266712940159298e+00
2.888148178531375621e+00 8.490155902870270666e+00 -2.999839470745327308e+00
2.883820298652532532e+00 8.500483372683705241e+00 -3.048005789517213682e+00
2.878195474315562219e+00 8.510072088597810946e+00 -3.096188384299487950e+00
2.871350656883595143e+00 8.519714555376502574e+00 -3.144203049166230723e+00
2.863059261104267339e+00 8.529412536161279590e+00 -3.191975513874452108e+00
2.853477908792104945e+00 8.539190477750373987e+00 -3.239691632370016006e+00
2.842557774892654265e+00 8.549005986443217964e+00 -3.287111218641002086e+00
2.830251301786146811e+00 8.558852666813727694e+00 -3.334183225420165542e+00
2.816733652537077415e+00 8.568721273066394417e+00 -3.380923753041610524e+00
2.802142929578156583e+00 8.578936345306972910e+00 -3.427227753211347760e+00
2.786289404580624574e+00 8.589753881146377168e+00 -3.472977834481790982e+00
2.769281208265864436e+00 8.600535588983840185e+00 -3.518330253490190351e+00
8.038887541136308101e+00 7.681892311078423852e+00 4.045929851728948812e+00
8.091362081959243113e+00 7.701300652904448540e+00 4.032694014153227258e+00
8.143826699874988861e+00 7.720695405505066056e+00 4.019479083542382369e+00
8.196281066630724865e+00 7.740076783227970658e+00 4.006284519726336590e+00
8.248823706643333864e+00 7.759538843094554217e+00 3.992978568918873705e+00
8.301359283614827334e+00 7.778993756453973063e+00 3.979682812385739510e+00
8.353887599590819946e+00 7.798441606326641740e+00 3.966397010174714133e+00
8.406408510851919758e+00 7.817882426565802234e+00 3.953121037097790946e+00
8.459121473086145926e+00 7.835997283074789266e+00 3.939123122765195717e+00
8.511903883342290200e+00 7.853625872871017322e+00 3.924840020905819404e+00
8.564633485056230455e+00 7.871406597552947026e+00 3.910589881389493705e+00
8.617334479596937769e+00 7.889306348296768689e+00 3.896262297358507709e+00
8.670118473201760878e+00 7.907493640654024603e+00 3.882374036682794127e+00
8.722900949761651646e+00 7.925680922219027202e+00 3.868485283538536379e+00
8.775682006389402545e+00 7.943868076998910510e+00 3.854596272681496849e+00
8.828461727667438197e+00 7.962055003674660014e+00 3.840707209086755114e+00
8.881217982358007745e+00 7.980280046043154663e+00 3.826743849962350730e+00
8.933975011188497461e+00 7.998485845946325057e+00 3.812770982648505669e+00
8.986740989027250492e+00 8.016646793567973717e+00 3.798773892602273605e+00
8.069447646594346324e+00 7.700112025280582806e+00 4.025388241821757696e+00
8.151487979748655022e+00 7.738375955270131001e+00 3.989999438944383581e+00
8.232560702555007381e+00 7.777356941448546834e+00 3.952860243376272731e+00
8.312133261272371954e+00 7.817182858530502543e+00 3.913502258816520030e+00
8.390092295452342697e+00 7.857842838229781357e+00 3.871896450431662196e+00
8.466848672224442041e+00 7.897826141939852107e+00 3.827570467642574581e+00
8.542199463481953359e+00 7.937288702389240669e+00 3.780475917790643514e+00
8.615886041379795302e+00 7.977402341842394939e+00 3.731384388381985051e+00
8.687957338015428022e+00 8.018126749799629138e+00 3.680396816009548377e+00
8.758214705890138063e+00 8.059459797590346142e+00 3.627434091464856181e+00
8.826666323148083748e+00 8.101347632932025533e+00 3.572458292712551220e+00
8.893256414770572604e+00 8.143757040338211795e+00 3.515627985368054986e+00
8.957955400023569936e+00 8.187088117256296371e+00 3.457328168501807131e+00
9.021099786626178840e+00 8.230835228759016076e+00 3.397606335290547452e+00
9.082990292182952174e+00 8.274823335658890500e+00 3.336767819954062020e+00
9.143806131599722775e+00 8.319113413250375899e+00 3.275082517699412055e+00
9.204108858025623618e+00 8.361811009444590326e+00 3.211802331248000186e+00
9.263726894063157857e+00 8.404268498006040033e+00 3.147717434558936045e+00
9.322925117297113928e+00 8.446828673676144206e+00 3.083336075004108334e+00
3.603589262134678339e+00 8.405903348584827128e+00 -2.653613445559472428e+00
3.690181822227578845e+00 8.413916622782046772e+00 -2.755024581103086678e+00
3.777097611238607211e+00 8.424867078398406761e+00 -2.856090104403135488e+00
3.864301751867537771e+00 8.439814762670611259e+00 -2.956659391880370968e+00
3.951876866098249508e+00 8.455109987701380447e+00 -3.059271969749007614e+00
4.039561707345565189e+00 8.471646003689453863e+00 -3.161518551946436606e+00
4.128084287487962634e+00 8.493818380010399238e+00 -3.262633419560271530e+00
4.217108787924221502e+00 8.516179191594021702e+00 -3.364592366663660350e+00
4.306155288191227726e+00 8.538188442836968761e+00 -3.466735082593174866e+00
4.395236367418862145e+00 8.560196844842145936e+00 -3.568913700416500134e+00
4.487023506748149870e+00 8.583212080058528315e+00 -3.668476881814992208e+00
4.581589319543878602e+00 8.607622010622181463e+00 -3.765111135107927609e+00
4.678681494093143378e+00 8.631558311565440178e+00 -3.859344765629745044e+00
4.778125460490636023e+00 8.655572685861864457e+00 -3.951050089706114932e+00
4.880429032822626745e+00 8.679532400295013161e+00 -4.040368320922716805e+00
4.984894339423816767e+00 8.703006478773669841e+00 -4.127331073370142711e+00
5.091456736351427814e+00 8.725452887412540548e+00 -4.212060444047994956e+00
5.200059775717795318e+00 8.746767424382269951e+00 -4.294466565073787656e+00
5.310407638619028425e+00 8.770004186836953153e+00 -4.374025150784474292e+00
3.622012128292249944e+00 8.404510518813822273e+00 -2.645432327408987039e+00
3.729391915938542912e+00 8.410235803370044394e+00 -2.735747497997454758e+00
3.839379599774530138e+00 8.417435781527826677e+00 -2.822673339532409731e+00
3.952030870671436436e+00 8.428143773004711292e+00 -2.905883187177834337e+00
4.068298489336017454e+00 8.438969952197115987e+00 -2.988179895535645336e+00
4.186822200385906356e+00 8.449147627656948600e+00 -3.067188890563747439e+00
4.307587827477379783e+00 8.463302818991159882e+00 -3.141834759838434632e+00
4.430530343011861660e+00 8.478028342897681924e+00 -3.212898613590906116e+00
4.555969982212763725e+00 8.495387013679350119e+00 -3.280800744930814083e+00
4.683335428110403598e+00 8.512007904426637239e+00 -3.345313174431781889e+00
4.812487911610994651e+00 8.528633355606276112e+00 -3.406156447320007885e+00
4.943924224814097101e+00 8.545623455208717800e+00 -3.463765684516255217e+00
5.077252772275910431e+00 8.561753371798799250e+00 -3.517749492437539427e+00
5.212070110544521739e+00 8.577157561975329969e+00 -3.568234182468377647e+00
5.348138105912747520e+00 8.595036152378565220e+00 -3.614407288427726517e+00
5.485523951837898871e+00 8.612531874144378818e+00 -3.656648482182192961e+00
5.624125675511437272e+00 8.629691821305168986e+00 -3.694851740252442784e+00
5.764380564047694833e+00 8.645975696314291525e+00 -3.729339995020422460e+00
5.905631538044997519e+00 8.661323148607756650e+00 -3.760013177168020082e+00
6.285805728797471126e+00 8.311810312765738118e+00 -1.577306790928410862e+00
6.332376103226620145e+00 8.305288414413078968e+00 -1.584787803704468478e+00
6.378955045532594959e+00 8.297618467979599899e+00 -1.591963846275023631e+00
6.425652234936220175e+00 8.289934396213588741e+00 -1.599139968158536096e+00
6.472460278443408654e+00 8.282237375824211156e+00 -1.606315168338560140e+00
6.519372201097247910e+00 8.274528574655349189e+00 -1.613488306726576837e+00
9.664525642133867223e+00 4.881189402569596325e+00 6.979003126990894756e+00
9.724996953321136672e+00 4.782883203993419485e+00 7.030961000080332646e+00
9.785322025202898288e+00 4.683606644027888954e+00 7.081953549113979562e+00
9.848781914626545841e+00 4.593484328291735252e+00 7.143395009928984685e+00
9.907613916117727015e+00 4.492238669576822829e+00 7.187500429522137857e+00
9.965392084834157060e+00 4.388310216245519868e+00 7.233255744683429356e+00
1.002556801300564082e+01 4.289028997076106187e+00 7.286135060704945765e+00
9.623907151309140318e+00 4.933543794549523298e+00 6.953747252281145208e+00
9.644182326230485103e+00 4.887722555931681256e+00 6.980235954736619064e+00
9.671542454410431588e+00 4.861797551850935761e+00 7.037872631523030442e+00
9.681694812229796554e+00 4.794270822381617947e+00 7.035361051920289377e+00
9.698475165436290624e+00 4.747934946987093952e+00 7.063215777488772495e+00
9.713871487805093352e+00 4.700949528518747478e+00 7.090859933910739876e+00
9.727609334856838430e+00 4.653784507170276363e+00 7.118823549230421932e+00
9.739799615907259067e+00 4.606479746711173995e+00 7.147329010978912933e+00
9.750542953819465453e+00 4.559059676536163508e+00 7.176607601602272624e+00
9.762739089506084156e+00 4.519052165079279426e+00 7.215911824368610006e+00
9.770192932733072766e+00 4.471244291026031270e+00 7.243217070312159223e+00
9.775965637312431511e+00 4.423464952780697068e+00 7.271027109680060718e+00
9.779468426259548153e+00 4.374421477980535045e+00 7.299771619421707491e+00
9.782326591169651309e+00 4.327840675474247334e+00 7.332301570718324335e+00
9.783986665118606041e+00 4.281104982791519298e+00 7.365313939038864888e+00
9.377924395880745223e+00 8.491612085437209245e+00 3.012103613309067285e+00
9.432948751948858401e+00 8.536391691254376468e+00 2.940891837114430807e+00
9.487772850951316173e+00 8.581261902146232856e+00 2.869382734613449948e+00
9.542561581501544765e+00 8.626111921020985562e+00 2.797900551081406118e+00
9.597313469122259022e+00 8.670941893228290454e+00 2.726444242392453532e+00
9.652707534929424682e+00 8.712235019269177982e+00 2.653502701067248282e+00
9.708314559346341355e+00 8.752070759617014417e+00 2.580001035058611780e+00
9.763849066237424879e+00 8.791867939031888568e+00 2.506562692020425143e+00
9.819507410972244443e+00 8.831730533886020140e+00 2.433017269268098914e+00
9.874932913709317361e+00 8.871635930896028199e+00 2.359270348188928335e+00
9.930363753566133767e+00 8.912789599470830382e+00 2.286320075253414963e+00
9.986245746885741070e+00 8.951218178059118458e+00 2.212494901192016084e+00
1.004286363024831097e+01 8.985082931395108830e+00 2.137375815371976628e+00
1.009950184812689855e+01 9.018941780713090495e+00 2.062223870877675225e+00
1.015611223160730603e+01 9.053083544857823739e+00 1.987136109190014821e+00
1.021266884380218265e+01 9.087200090290597387e+00 1.912343144295697517e+00
1.026989303809131293e+01 9.115155742672612860e+00 1.837202097275556723e+00
1.032879165165676838e+01 9.130465888330833835e+00 1.760216182391770134e+00
1.038727688048238207e+01 9.145537920635383955e+00 1.684964112570819461e+00
9.364416582064771788e+00 8.473973569214646062e+00 3.044169711600153150e+00
9.406413471076866983e+00 8.501019058656975602e+00 3.005470069453544557e+00
9.449050182288351252e+00 8.527932528452900840e+00 2.967374818277345394e+00
9.492942833765441790e+00 8.554565223762194748e+00 2.930513418201913911e+00
9.537487578396692811e+00 8.581076275218810778e+00 2.894239673368565580e+00
9.583092115754221041e+00 8.606843473395366928e+00 2.859001228777709791e+00
9.630191923730052395e+00 8.630782950011083088e+00 2.824471121237714488e+00
9.678242632918745869e+00 8.654369730176526332e+00 2.791039216727877026e+00
9.727380903509699195e+00 8.678168923925989375e+00 2.759160810894485838e+00
9.777374382300989097e+00 8.702373259574375908e+00 2.728979469174091399e+00
9.828743966780740138e+00 8.723669742712502284e+00 2.699363091985496954e+00
9.881217330734807902e+00 8.744362649988172365e+00 2.671068283097845608e+00
9.934520876630035247e+00 8.764643431857930267e+00 2.644121026825634768e+00
9.988737687391040510e+00 8.784497066079920202e+00 2.618592526807205445e+00
1.004367734393983724e+01 8.803949954380490439e+00 2.594339078765430795e+00
1.009937086487425084e+01 8.822969986523030883e+00 2.571513388255037391e+00
1.015568718359666001e+01 8.841901844704075586e+00 2.550205524742822139e+00
1.021253885525422511e+01 8.861017574905561744e+00 2.530550437528419572e+00
1.027004221423170272e+01 8.879624339801045707e+00 2.512369314116468910e+00
3.402391658029448429e+00 8.882365746912535442e+00 -5.195365871526750112e+00
3.408918785038618005e+00 8.889234484815649040e+00 -5.244107016343436456e+00
3.415465886211408897e+00 8.895880158415554462e+00 -5.292966662995667093e+00
3.421995638877539658e+00 8.901944426185124826e+00 -5.341915758895405375e+00
3.428510507205070112e+00 8.908009524836868920e+00 -5.390868622828131507e+00
3.434973905155990437e+00 8.914040563991244781e+00 -5.439543812251868005e+00
3.441465896711312311e+00 8.920069622015246225e+00 -5.488208732977117421e+00
3.447986344152926819e+00 8.926096529334447638e+00 -5.536862024602829280e+00
3.454506815790156615e+00 8.931941758914723195e+00 -5.585595272423867108e+00
3.461028479628033061e+00 8.936828630401851825e+00 -5.634449167975795980e+00
3.467555054861445996e+00 8.941717986140183427e+00 -5.683328133849136599e+00
3.474086440039896306e+00 8.946609679241987578e+00 -5.732230715557112610e+00
3.480646548803326468e+00 8.951274472221967926e+00 -5.781256406498364697e+00
3.487182691778620836e+00 8.954902532433903772e+00 -5.830385957414886633e+00
3.493698894760533857e+00 8.958531125720870847e+00 -5.879516239203630867e+00
3.500195025008671745e+00 8.962160138381195296e+00 -5.928645734548620538e+00
3.506588114483057073e+00 8.965779335075430012e+00 -5.977615810472084235e+00
3.513013973397380418e+00 8.969393650801658069e+00 -6.026532692248141920e+00
3.519472322073440740e+00 8.973002978238982408e+00 -6.075394899786377145e+00
3.409190411802403453e+00 8.882050721073463606e+00 -5.194025443259786101e+00
3.423484279258003582e+00 8.888544853095053710e+00 -5.241132570051346917e+00
3.439175964256672824e+00 8.894677324775557281e+00 -5.287914599363504387e+00
3.456235341873326039e+00 8.900165005578262623e+00 -5.334286264097571895e+00
3.474651974981795899e+00 8.905553011111535966e+00 -5.380126135505006957e+00
3.494357798359463807e+00 8.910805230545708611e+00 -5.425137302086014301e+00
3.515421682684377380e+00 8.915947491936517366e+00 -5.469535887649773720e+00
3.537819891616478252e+00 8.920975894323252220e+00 -5.513286766419960294e+00
3.561526970878197140e+00 8.925886751630736526e+00 -5.556356184083795391e+00
3.586509527547347531e+00 8.930677249791070693e+00 -5.598715771603826497e+00
3.612677014396480146e+00 8.935156507938804893e+00 -5.640422502919653525e+00
3.639963937458935650e+00 8.938936666150624433e+00 -5.681492216431841769e+00
3.668341359742127050e+00 8.942214730504495890e+00 -5.721903282404782409e+00
3.697718244351542172e+00 8.944574356104341817e+00 -5.761655725346351176e+00
3.728085670823235276e+00 8.946850765871371181e+00 -5.800635313130427129e+00
3.759549055392984673e+00 8.949558441262199793e+00 -5.838772252614148783e+00
3.791998042910230016e+00 8.952795752253303263e+00 -5.876037092651731797e+00
3.825408812422617100e+00 8.955979106646685395e+00 -5.912462030567589899e+00
3.859775475256417288e+00 8.959108650910261318e+00 -5.948049823630126909e+00
1.189016939237363246e+01 4.067491906983416783e+00 6.779043074078279218e+00
1.194343757737137324e+01 4.039616286407145651e+00 6.769304821608437273e+00
5.364732484475359442e+00 8.780321886779198337e+00 -4.405985100182357783e+00
5.419061116673593581e+00 8.790642063481426405e+00 -4.437955697800733290e+00
5.473390914401919716e+00 8.800965139818869076e+00 -4.469939812465977269e+00
5.527799787195330161e+00 8.811262496778327957e+00 -4.501775276889785182e+00
5.582300388104811439e+00 8.821587989808108432e+00 -4.533716038328016396e+00
5.636806248763151395e+00 8.831914811673239996e+00 -4.565661474527206387e+00
5.691350963071680980e+00 8.841761458532628737e+00 -4.597715360080813163e+00
5.745905666017066871e+00 8.851423713250065717e+00 -4.629797102503019346e+00
5.800456740296306535e+00 8.861083530673733222e+00 -4.661867561170882190e+00
5.855003769418121173e+00 8.870740803002782116e+00 -4.693926317629837364e+00
5.909516300171241632e+00 8.880408664817249331e+00 -4.726049929477509792e+00
5.964171473980930394e+00 8.890239762640568699e+00 -4.758134739070625230e+00
6.018735828449453429e+00 8.901080059753088136e+00 -4.790003272565127368e+00
6.073281060800302278e+00 8.911908697873595742e+00 -4.821820651242854971e+00
6.127807073601024612e+00 8.922725594733432075e+00 -4.853586498144768058e+00
6.182313802018085447e+00 8.933530666912702145e+00 -4.885300416546889402e+00
6.236853733956853496e+00 8.943923732794974768e+00 -4.917159213775522453e+00
6.291536136328263140e+00 8.952437380023789970e+00 -4.949317764071015091e+00
6.346270688177770403e+00 8.960946688659955583e+00 -4.981416745051993722e+00
5.380669610175172757e+00 8.786404596797266819e+00 -4.430001330765217737e+00
5.450077826658050739e+00 8.802962845075590792e+00 -4.487008272794787089e+00
5.517826733903934411e+00 8.819764591404547716e+00 -4.545715436164593726e+00
5.583977847295516383e+00 8.836779091755428084e+00 -4.606128556239337257e+00
5.648495076889917144e+00 8.853065485317330285e+00 -4.668845938363691772e+00
5.711072846772819567e+00 8.869546057925104421e+00 -4.733164152225104004e+00
5.771858792093236268e+00 8.886232724847094033e+00 -4.799097452043923795e+00
5.830635267210193540e+00 8.903128894965103513e+00 -4.866731762806749018e+00
5.887470627681463675e+00 8.920209558114075676e+00 -4.935918042300017738e+00
5.942507759139084023e+00 8.934595888825350940e+00 -5.007091212231067345e+00
5.995536855707598534e+00 8.948471271444191188e+00 -5.079880865083229224e+00
6.046546505936220228e+00 8.962538968481920776e+00 -5.154052818588515272e+00
6.095582050792884843e+00 8.976604864061357603e+00 -5.229267348770492596e+00
6.142432046281848912e+00 8.990668798600783163e+00 -5.305636365378132879e+00
6.187139940090355950e+00 9.004719973642059117e+00 -5.383058765117462841e+00
6.230268542672548371e+00 9.014689870975415076e+00 -5.461961303600921802e+00
6.272116477379090504e+00 9.020304864918253784e+00 -5.541957930527049214e+00
6.312653163237754050e+00 9.025861479885683991e+00 -5.622508996459979258e+00
6.351820088491992422e+00 9.031619900186122152e+00 -5.703442437865698267e+00
2.749996483643650347e+00 8.614501833167304667e+00 -3.578643547702299532e+00
2.730720547560045119e+00 8.628471957673015780e+00 -3.638978945031159373e+00
2.711482771522856883e+00 8.642438205554554997e+00 -3.699309998861544990e+00
2.692256865462855142e+00 8.656406972663447164e+00 -3.759657732155276655e+00
2.673018040361908820e+00 8.670319204145705783e+00 -3.820092645309196122e+00
2.653741716441839316e+00 8.683627189980317240e+00 -3.880670420697180933e+00
2.634462423379781537e+00 8.696939227608915246e+00 -3.941267740609535775e+00
2.615180598928140032e+00 8.710255083111466234e+00 -4.001883577798789560e+00
2.595397066827270560e+00 8.723513394714332847e+00 -4.062408854454632845e+00
2.574039166095527076e+00 8.736775373156737245e+00 -4.122412335025178898e+00
2.551067865411793090e+00 8.750044387620507180e+00 -4.181830696569140748e+00
2.526515265796120069e+00 8.763176984772142575e+00 -4.240766346558993760e+00
2.500499903335886120e+00 8.775495016601258413e+00 -4.299251262976947707e+00
2.473014154812394949e+00 8.787792007039355369e+00 -4.357051248728194714e+00
2.444199783291813421e+00 8.800027536407306172e+00 -4.413996175692903812e+00
2.414089570812053331e+00 8.812236421494644034e+00 -4.470292409607303341e+00
2.382626888847890090e+00 8.824410125005487160e+00 -4.525870582688920507e+00
2.349920248827832570e+00 8.836542450128479942e+00 -4.580761088286017468e+00
2.315923498813127868e+00 8.848462571523441511e+00 -4.634925766127573787e+00
1.179380229512015532e+01 4.778051337279995536e+00 6.364203608352279495e+00
1.184062461420827006e+01 4.773217414313776885e+00 6.350520072756976830e+00
1.188711180092853503e+01 4.767649645594587149e+00 6.335525811108476901e+00
1.193371464334696341e+01 4.762035670572430490e+00 6.320417045608511586e+00
1.198044866898883321e+01 4.756413804831775671e+00 6.305261319510414353e+00
1.202730573148848769e+01 4.750785140079176294e+00 6.290061212087757703e+00
1.207427810367779486e+01 4.745150720189005966e+00 6.274819165216189987e+00
1.212135846334897771e+01 4.739511541357407154e+00 6.259537488863356813e+00
1.216853987635134082e+01 4.733868552949888731e+00 6.244218367234601885e+00
1.221581577907707050e+01 4.728222658818222790e+00 6.228863864895146207e+00
1.229630097990317239e+01 4.760383910852528544e+00 6.292606542064816288e+00
1.234340929217493432e+01 4.754991040219332277e+00 6.276611339051101801e+00
1.239070957782596771e+01 4.749749449146698943e+00 6.260886427645065311e+00
1.243806948952751235e+01 4.744519462578625557e+00 6.245132223108000424e+00
1.248548369566752392e+01 4.739303816462450136e+00 6.229349382425980686e+00
1.253294710998383898e+01 4.734105025714202775e+00 6.213538581820411189e+00
1.258045488934660305e+01 4.728925416188975106e+00 6.197700500987913586e+00
1.262750578785045086e+01 4.723385044305812741e+00 6.181068229973178063e+00
1.264384939781394657e+01 4.677335679056212392e+00 6.089330676562153322e+00
1.179383747210654043e+01 4.784065052770888116e+00 6.360623541054567731e+00
1.184041818818816871e+01 4.786187640790000586e+00 6.343086975493459789e+00
1.188637143364942972e+01 4.789035681514619114e+00 6.324024238046050073e+00
1.193186392417383956e+01 4.793043188179401781e+00 6.304030930590728055e+00
1.197697257859472231e+01 4.798413751956278617e+00 6.283444474097966470e+00
1.202165527451360205e+01 4.805148041369852407e+00 6.262280992417980308e+00
1.206587175408263413e+01 4.813240350526462485e+00 6.240559356085730869e+00
1.210958330381899550e+01 4.822681256034304198e+00 6.218299858595812246e+00
1.215275264659384113e+01 4.833458688462255459e+00 6.195523674318962115e+00
1.219534391149495001e+01 4.845558449402065371e+00 6.172252588298257514e+00
1.223693293370885371e+01 4.859327613237662824e+00 6.148463345186519824e+00
1.227803021362408487e+01 4.874189548288788920e+00 6.124270603374306177e+00
1.235098093982209200e+01 4.940509657792101272e+00 6.177185010130625820e+00
1.239135585001355899e+01 4.957491135479822120e+00 6.152605137788819789e+00
1.243111204723969543e+01 4.975398992276478971e+00 6.127784876668685321e+00
1.247021629980904578e+01 4.994217666305828196e+00 6.102745282039458985e+00
1.250863753788361521e+01 5.013928917819682418e+00 6.077507958425591106e+00
1.254634667076162025e+01 5.034512359570186391e+00 6.052094855077487345e+00
1.258193981741684553e+01 5.053212314128900040e+00 6.022770555004403725e+00
5.975656293225231508e+00 8.670052122379646065e+00 -3.778377702081690881e+00
6.045615868354667910e+00 8.679962930724679282e+00 -3.796443868211454742e+00
6.115587924749124049e+00 8.689873292505685853e+00 -3.814504697252616428e+00
6.185571357894558808e+00 8.699783199892090479e+00 -3.832560478494527523e+00
6.255565234550502396e+00 8.709692554144078613e+00 -3.850611100296541967e+00
6.325578889425701234e+00 8.719494562993586939e+00 -3.868693432212673589e+00
6.395689425618979129e+00 8.729261255344631820e+00 -3.886929417976621615e+00
6.465807623026901929e+00 8.739026231154618074e+00 -3.905156390794231047e+00
6.535932712030876779e+00 8.748789475833889995e+00 -3.923374516663287626e+00
6.606063992879240843e+00 8.758550956241503371e+00 -3.941583867933454499e+00
6.676200823953263530e+00 8.768310627891525044e+00 -3.959784455206614595e+00
6.746326008820849651e+00 8.778983588521409587e+00 -3.977745519241907779e+00
6.816409596345606836e+00 8.790123428578068498e+00 -3.995592767276846757e+00
6.886488362205464675e+00 8.801265527475349515e+00 -4.013450733082304822e+00
6.956604290125004475e+00 8.812403658756307934e+00 -4.031279171312630361e+00
7.026718808324706522e+00 8.823543532305370363e+00 -4.049115014949407509e+00
7.097266896598218189e+00 8.834330454697990831e+00 -4.065395463994281755e+00
7.168283897484323930e+00 8.844690126345922110e+00 -4.079813953324215703e+00
7.239742579223665153e+00 8.854100183880751374e+00 -4.092553203618333413e+00
6.027908322457442125e+00 8.672963628093894428e+00 -3.774513650123906050e+00
6.150405305719056415e+00 8.685159787684186838e+00 -3.786213020499957338e+00
6.273194149188307200e+00 8.696729315136474625e+00 -3.795405925661180291e+00
6.396423506136790671e+00 8.707491330812842989e+00 -3.801350231308648020e+00
6.519844077172373353e+00 8.717333137333559634e+00 -3.803688047315972209e+00
6.643362457101898322e+00 8.726199120974765577e+00 -3.802840915384076315e+00
6.766766888038226568e+00 8.735441211052402011e+00 -3.798187876054328171e+00
6.890011133866888571e+00 8.744235036806745853e+00 -3.789832800035298987e+00
7.013105665489269391e+00 8.751558295917158503e+00 -3.778335083687882623e+00
7.136003747858167934e+00 8.757909057085422333e+00 -3.763462205078426326e+00
7.258526706187097055e+00 8.763338566370018512e+00 -3.745449394700238077e+00
7.380571617258786965e+00 8.767817531275960974e+00 -3.724224433952970870e+00
7.502039957993586583e+00 8.772113513816623964e+00 -3.699932055466148118e+00
7.622959695892028265e+00 8.776197204581867695e+00 -3.673014007918468327e+00
7.743429822937356377e+00 8.779670091374738305e+00 -3.644094080929858759e+00
7.863634980606558855e+00 8.781511514538134833e+00 -3.613803878251532709e+00
7.983551451788781783e+00 8.782408563287015468e+00 -3.582307533689381263e+00
8.103156549521985497e+00 8.782966425506037567e+00 -3.549777129612330384e+00
8.222495336087019879e+00 8.783452610565507968e+00 -3.516180163374210021e+00
9.044574606516876614e+00 8.034183623462356039e+00 3.787415783738472985e+00
9.102411557648123264e+00 8.051700490091299400e+00 3.776045654470137514e+00
9.160246521406850917e+00 8.069219594330027334e+00 3.764670956743607633e+00
9.218159241611745713e+00 8.086768494364918070e+00 3.753270064455143107e+00
9.276063813410479142e+00 8.104307994440306473e+00 3.741882880781083998e+00
9.333960223986316862e+00 8.121838125162621935e+00 3.730509348008216097e+00
9.391848496050295481e+00 8.139358865529457532e+00 3.719149510365015843e+00
9.449847148093818205e+00 8.155316158131466153e+00 3.706875475633604200e+00
9.507917563744568312e+00 8.170442253037840885e+00 3.694076967172509995e+00
9.565895094476445593e+00 8.187033909147848121e+00 3.681778896770167453e+00
9.624162506583740395e+00 8.203700228482695422e+00 3.671119273288264484e+00
9.682915247441513884e+00 8.219449340699490847e+00 3.662009875716180307e+00
9.742157257962302808e+00 8.233565593144430039e+00 3.653553741861069959e+00
9.801779617196238803e+00 8.246604138171617748e+00 3.646133012862205369e+00
9.861658984031009823e+00 8.259053885182671806e+00 3.639918689706167942e+00
9.921779454260230224e+00 8.270830578552180512e+00 3.634929648054897822e+00
9.982098943405608438e+00 8.281981907361611661e+00 3.631089126679398760e+00
1.004259009540979797e+01 8.292524086741797973e+00 3.628467168032495138e+00
1.010322385237147103e+01 8.302454339142551376e+00 3.627060645018525431e+00
